Record Length: 1024
BoardID: 31
Channel: TR_0_1
Event Number: 179
Pattern: 0x0000
Trigger Time Stamp: 665884374
DC offset (DAC): 0x7FFF
Start Index Cell: 713
4154.000000
4154.000000
4139.509277
4132.288574
4102.395020
4112.419434
4102.605469
4142.083496
4093.626221
4125.328613
4120.784668
4147.867676
4157.600586
4118.400391
4126.865234
4121.100586
4139.535645
4110.280762
4080.257324
4143.253906
4107.615723
4087.510986
4085.428955
4119.345703
4111.515137
4100.303711
4127.132324
4086.051270
4097.158203
4114.184082
4097.609863
4125.464355
4124.109375
4124.570313
4105.540039
4111.407227
4127.562012
4132.545410
4131.008301
4089.745605
4117.376953
4123.413574
4139.243164
4114.298340
4103.280273
4094.375977
4106.261230
4106.433594
4130.066895
4136.340820
4135.505371
4144.573242
4126.947754
4117.459961
4080.716064
4083.124512
4104.440430
4148.308594
4151.220703
4123.796875
4112.415527
4114.591309
4112.020020
4097.514160
4119.194824
4122.598633
4126.959473
4136.527344
4110.103027
4073.083008
4109.642090
4117.062012
4090.252197
4117.110352
4138.453613
4126.220703
4127.253418
4118.579102
4102.033691
4118.497559
4124.135254
4133.312500
4125.607910
4116.626465
4133.710938
4110.144043
4094.695801
4107.946289
4120.376465
4100.518066
4075.180908
4084.629883
4102.711426
4107.605469
4133.989746
4142.923340
4127.136719
4116.248047
4107.479492
4134.688965
4113.167969
4083.780518
4107.625000
4132.575684
4121.422852
4125.914551
4136.300781
4129.599609
4138.416504
4115.000000
4127.640625
4145.100098
4129.183105
4117.371582
4125.696289
4133.037109
4122.350586
4112.251465
4118.617676
4141.580566
4143.034180
4110.574219
4126.725586
4133.106445
4115.737793
4124.923828
4111.506348
4093.615723
4070.847412
4103.856934
4070.517578
4110.904785
4107.416016
4131.831543
4084.981689
4113.979492
4130.191406
4094.295410
4119.969238
4102.436035
4107.071777
4127.818848
4083.520020
4125.203125
4120.222168
4115.059082
4112.272461
4115.702637
4085.079346
4121.210938
4073.358154
4110.978027
4090.787598
4093.393311
4084.835205
4092.479736
4127.398926
4088.176270
4086.667236
4098.818848
4095.647705
4111.724609
4122.875000
4096.569336
4114.765137
4161.029785
4113.128906
4112.435059
4067.491455
4121.561523
4109.449219
4074.901123
4140.090332
4118.571777
4090.910889
4148.514648
4138.749023
4118.335938
4109.260254
4128.933594
4125.166992
4097.630371
4104.646484
4097.768555
4138.306152
4111.585938
4101.435059
4108.495605
4110.002441
4090.424316
4091.436523
4109.181641
4111.059570
4129.148438
4118.965332
4130.404785
4126.000977
4100.977539
4094.490723
4092.929688
4126.909180
4134.860352
4101.167480
4091.849121
4147.489746
4131.989258
4078.022705
4111.314941
4104.414063
4112.232422
4084.719727
4113.757324
4111.830566
4080.997314
4097.966797
4110.524414
4122.130371
4126.647461
4165.099121
4152.889648
4125.883301
4117.331543
4116.753418
4129.184570
4126.325195
4111.540527
4085.282227
4087.126465
4102.312988
4107.279297
4102.277344
4090.420898
4107.682617
4120.696777
4114.990723
4069.940674
4077.310059
4111.039551
4101.678223
4101.950195
4091.099121
4071.479004
4069.681641
4101.689941
4098.278809
4093.053711
4128.066895
4125.641602
4114.464844
4108.419922
4120.312988
4075.539063
4078.071289
4104.703125
4110.000000
4107.563965
4106.166016
4108.535156
4097.038086
4102.803711
4137.508789
4131.216309
4159.053711
4145.576172
4096.526855
4120.484375
4135.025879
4148.967773
4121.459473
4077.950684
4111.182617
4102.362305
4123.399902
4084.327148
4129.608887
4124.865234
4113.401855
4114.659668
4132.938965
4121.520996
4096.668457
4084.974854
4100.394531
4093.727783
4121.590820
4087.819824
4092.416748
4110.541504
4092.460205
4110.788574
4114.845215
4139.614258
4160.759277
4092.787842
4134.146973
4081.322510
4090.598633
4086.348877
4124.258301
4116.886230
4088.521484
4092.779297
4099.871582
4125.038086
4151.841797
4124.491211
4105.005859
4103.720215
4105.436523
4109.576660
4074.380615
4132.362793
4074.505615
4108.651367
4077.532715
4085.545166
4078.588623
4091.237549
4058.953125
4095.304443
4069.659424
4095.155518
4027.540771
4072.626953
4067.133301
4076.570068
4011.075928
4037.930908
4047.777588
4090.410645
4057.144287
4082.182861
4076.716064
4067.361572
4054.239502
4080.257568
4092.324951
4089.425049
4071.473389
4084.850830
4055.456543
4056.255371
4048.095947
4076.445801
4070.459961
4085.582520
4052.270020
4057.678711
4066.364258
4077.210449
4060.158203
4096.296875
4090.500488
4071.693359
4074.945068
4084.261963
4081.393555
4100.893555
4058.299805
4060.632813
4045.385498
4069.314941
4087.666016
4066.047852
4058.472900
4080.390869
4072.145752
4080.925293
4123.143555
4097.081055
4085.114990
4068.240723
4096.302734
4115.162598
4086.360352
4057.670166
4082.025879
4066.301025
4091.183594
4080.462158
4087.013916
4052.571289
4085.180176
4080.132568
4098.344727
4085.316895
4091.442383
4045.000488
4062.896240
4072.768555
4116.033203
4067.989990
4075.077148
4054.381104
4078.732422
4052.125977
4063.248047
4058.015869
4093.289795
4081.000000
4062.096924
4025.878174
4105.431152
4064.765381
4079.815186
4068.291016
4106.095703
4027.297119
4069.533203
4057.853027
4072.226807
4061.936279
4105.881836
4078.221680
4088.081055
4063.191162
4066.410400
4037.821777
4143.439453
4061.478027
4114.456543
4044.307129
4129.645996
4064.777588
4079.828613
4046.892334
4104.673340
4004.300293
4082.542969
4005.666748
4090.125732
4060.615479
4087.533691
4077.738281
4110.420410
4102.591797
4095.274414
4098.543457
4096.532715
4082.869385
4081.585449
4058.534180
4103.377930
4112.692871
4117.972656
4090.611816
4090.335205
4053.436523
4078.080566
4083.400635
4093.091064
4080.370117
4082.091064
4058.344971
4072.641113
4066.433105
4087.465088
4097.400391
4086.311035
4060.221191
4057.394287
4059.938477
4078.575684
4101.104980
4091.891846
4093.003418
4099.097656
4085.503662
4057.650879
4094.830566
4084.036377
4096.194336
4079.847412
4071.725098
4070.667480
4112.787598
4075.174316
4093.581543
4085.460938
4096.973145
4067.645752
4082.949951
4086.866455
4091.292236
4066.207031
4090.820801
4065.188232
4119.696289
4077.764160
4098.449707
4072.420654
4072.324463
4073.828125
4088.413574
4065.043701
4109.354492
4079.413574
4062.121338
4062.366943
4098.797363
4083.844727
4084.218506
4081.121094
4075.446777
4046.721436
4078.248047
4079.047363
4074.043701
4053.396484
4062.378174
4059.778564
4085.592041
4012.667480
4086.184814
4087.078125
4098.283203
4061.980713
4101.680664
4041.438232
4120.424316
4052.322510
4125.151855
4089.899170
4086.574463
4064.020020
4106.821777
4062.546631
4098.443848
4042.402344
4085.174316
4080.111084
4092.227295
4071.722900
4079.769531
4064.914307
4084.342529
4053.467529
4074.198242
4080.037598
4111.008301
4053.572510
4113.569824
4058.313965
4085.453613
4067.966309
4101.041016
4094.999756
4123.297852
4074.757080
4117.086914
4055.105225
4075.852295
4053.792480
4058.506348
4040.688232
4057.707520
4070.335938
4078.439453
4042.722900
4088.417480
4055.622314
4081.999512
4071.674561
4087.089355
4103.567383
4111.513184
4033.818359
4116.165527
4035.368408
4131.312012
4082.552002
4131.194336
4062.596436
4084.445557
4086.308350
4094.875977
4070.089355
4107.389648
4061.929443
4084.149170
4078.180664
4057.417725
4043.174805
4114.581055
4088.294678
4089.009766
4078.833740
4099.272461
4050.665771
4090.358398
4070.726074
4111.916504
4088.547363
4074.802734
4048.847412
4090.080078
4083.436035
4105.310059
4035.777100
4081.131104
4058.358643
4085.675049
4061.562988
4075.456787
4053.736816
4080.341064
4062.092041
4104.458008
4063.167725
4092.898926
4038.598389
4088.096191
4051.343994
4090.020508
4062.625732
4081.858154
4035.540039
4099.968262
4038.645508
4103.134277
4027.545166
4109.940430
4037.081299
4114.572754
4017.774658
4114.888184
4011.510254
4100.549316
4088.752686
4109.716309
4044.421631
4110.789063
4067.875244
4077.447754
4046.391113
4093.461426
4059.222412
4110.748535
4078.587402
4123.623047
4089.683105
4105.702148
4068.667969
4087.449219
4073.078857
4069.701904
4053.009277
4090.394775
4045.023682
4074.088135
4054.968750
4075.309814
4071.597168
4050.127930
4050.284180
4096.513184
4082.674072
4074.102539
4079.065674
4096.731934
4068.144287
4099.565918
4070.016602
4076.698730
4086.969727
4081.577393
4071.609863
4060.459229
4030.535889
4076.256104
4031.562012
4083.634277
4064.627197
4116.103027
4069.399902
4098.489746
4093.694580
4083.475342
4084.781738
4078.638428
4054.265381
4063.661621
4063.954102
4106.342285
4086.744873
4102.889648
4046.007324
4121.953125
4072.778320
4067.160645
4068.991211
4090.753906
4067.839355
4088.967041
4082.187012
4093.177979
4079.919189
4101.161621
4053.653076
4091.695313
4058.397217
4093.313232
4079.604736
4075.696533
4074.977783
4059.919678
4060.826172
4111.476563
4080.108154
4068.499512
4078.062012
4090.748535
4070.967773
4082.332520
4055.312988
4070.167480
4070.106201
4107.021484
4112.491699
4141.374023
4045.099365
4071.672119
4025.266602
4099.405762
4048.447510
4084.339111
4030.250000
4081.743896
4059.970703
4099.508301
4045.132813
4081.282715
4065.877686
4099.622070
4101.855957
4115.359375
4086.250977
4079.428467
4041.723389
4078.824707
4068.574707
4082.677002
4063.146729
4071.788086
4079.871826
4098.749023
4053.031250
4078.257568
4050.882568
4117.062012
4063.080322
4085.161621
4074.229248
4100.206543
4054.083008
4062.481445
4076.144287
4051.906982
4047.641846
4095.735107
4012.837891
4080.763428
4027.247559
4063.972412
4040.636475
4072.555420
3984.629883
4076.113770
4086.820313
4102.468262
4009.485352
4072.915527
4056.360107
4109.527344
4030.382324
4100.344238
4046.042725
4058.591553
4041.704834
4101.222656
4064.469482
4120.789551
4020.459229
4104.341797
4070.888428
4108.471191
4043.199463
4042.636963
4021.652832
4087.241455
4049.880859
4068.328125
4063.067383
4063.059326
4077.008301
4104.418945
4067.797119
4080.231689
4045.110840
4055.372070
4031.637939
4080.891357
4073.473877
4106.997070
4057.225586
4088.071777
4054.753418
4062.873779
4067.325195
4095.130615
4111.799805
4186.534180
4145.756348
4161.419434
4105.308594
4143.506348
4071.037598
4107.066895
4030.048340
4081.969971
4062.485107
4127.099121
4074.049072
4114.256836
4086.253906
4085.993896
4095.583496
4117.523438
4091.266602
4128.028809
4123.605469
4122.610352
4103.434082
4123.236816
4140.764160
4097.053711
4094.871094
4122.807617
4115.245117
4107.277344
4109.247070
4102.723633
4092.135742
4096.511230
4127.886230
4123.873535
4121.158203
4116.963379
4100.129395
4103.274414
4112.387695
4122.647949
4126.391113
4135.257324
4121.577637
4111.907227
4091.063721
4112.274414
4101.194824
4100.482422
4114.032227
4128.027344
4131.583496
4126.666504
4101.675781
4117.063965
4111.447266
4086.999512
4074.099121
4110.562988
4102.371582
4107.086426
4115.540527
4093.609375
4098.152344
4110.518066
4117.792480
4099.113770
4123.252930
4109.639160
4107.000000
4089.173584
4115.806641
4120.832031
4112.621582
4117.664063
4078.899658
4120.256836
4126.851563
4094.606934
4121.750000
4096.041504
4151.475586
4111.846680
4103.108887
4117.741211
4105.625000
4116.010742
4143.628906
4136.614258
4128.168457
4132.122559
4120.974121
4145.812500
4116.763672
4095.225586
4116.788086
4115.655273
4120.135742
4100.811523
4085.459717
4098.294434
4135.075684
4144.000000
4107.164551
4099.835449
4124.236816
4142.053223
4117.562012
4097.083008
4112.869141
4101.554199
4102.829590
4121.527344
4132.318848
4106.916016
4126.938965
4106.976074
4091.719238
4125.630371
4104.542969
4080.365234
4094.421875
4092.278564
4071.196533
4090.218994
4093.937500
4099.927734
4120.819824
4112.045410
4088.032227
4131.878906
4112.062012
4118.346680
4075.387451
4100.369141
4148.751953
4134.147461
4141.957520
4113.809570
4096.024414
4098.294434
4128.661621
4087.169189
4114.892578
4097.867676
4147.628418
4090.806152
4111.073730
4139.416016
4106.336914
4122.974609
4122.332031
4107.967285
4118.967773
4119.452148
4109.075684
4098.507813
4087.167725
4079.351563
4085.494385
4082.580566
4100.663086
4114.790039
4128.662598
4112.229492
4098.619629
4090.114990
4086.548340
4109.731445
4130.947754
4127.518555
4116.306641
4120.896973
4126.608398
4103.061035
4100.567871
4075.413086
4114.851074
4142.614746
4117.605469
4123.904297
4087.345947
4122.233398
4120.043457
4118.845703
4101.920410
4140.448242
4142.645020
4134.086426
4117.829102
4122.360840
4105.373535
4137.956543
4100.704590
4089.198486
4144.688477
4094.580566
4116.371094
4123.055664
4087.168701
4127.427734
4114.851563
4078.097412
4097.462402
4105.107910
4105.899902
4081.611816
4123.244141
4129.626953
4143.908203
4115.354004
4097.604492
4121.353516
