Record Length: 1024
BoardID: 31
Channel: TR_0_0
Event Number: 179
Pattern: 0x0000
Trigger Time Stamp: 665884374
DC offset (DAC): 0x7FFF
Start Index Cell: 715
4117.000000
4117.036621
4123.023926
4141.732910
4142.960449
4130.809570
4116.140137
4146.979980
4112.383789
4094.961914
4103.083008
4114.803223
4089.732422
4129.845215
4138.840820
4118.276855
4123.290039
4126.000000
4126.000000
4117.166992
4105.317871
4111.092773
4150.462891
4112.043945
4102.000000
4096.906250
4143.974609
4127.674805
4110.644531
4100.734375
4124.582031
4105.653320
4098.093750
4117.923828
4105.040527
4076.274414
4140.778320
4127.396973
4120.277344
4097.245605
4125.208496
4116.591309
4103.457031
4096.085449
4087.211914
4123.296875
4136.181641
4113.116699
4117.331055
4144.591309
4116.947754
4116.222656
4120.846680
4129.007324
4068.965088
4143.835449
4080.186279
4082.000000
4084.578125
4114.944824
4126.520996
4119.724609
4136.376465
4097.369141
4129.989746
4085.375000
4103.610352
4147.311035
4099.920410
4106.194824
4121.551270
4121.523438
4112.965820
4117.283691
4121.301758
4114.469238
4094.124023
4125.184570
4106.660645
4092.233887
4067.306396
4090.274902
4112.352051
4139.945313
4111.085449
4122.015625
4094.087402
4096.540527
4117.715332
4115.056641
4107.296875
4083.633789
4117.089355
4106.231445
4082.406250
4095.351074
4100.247559
4100.743164
4131.758301
4108.059570
4105.742676
4112.337402
4116.872559
4128.955566
4104.503418
4093.156006
4143.051270
4147.455566
4119.780762
4123.746094
4105.923340
4122.549316
4111.901367
4145.792969
4122.636230
4127.187012
4135.161133
4113.633301
4098.051270
4130.534668
4112.738770
4093.187744
4101.207031
4117.432617
4116.954102
4097.833496
4112.335938
4117.603516
4097.719727
4117.834961
4109.544922
4106.804688
4106.686523
4104.675781
4106.386230
4118.425781
4072.930420
4099.552246
4113.228027
4151.785156
4100.190918
4116.978516
4113.499023
4119.948242
4104.985352
4146.524414
4119.311523
4123.799805
4088.815918
4057.456787
4118.578125
4097.913574
4115.104980
4097.832520
4107.132813
4103.006836
4110.470215
4140.584473
4129.250488
4126.830566
4099.144043
4097.809570
4113.870117
4108.772949
4135.504883
4100.942871
4116.926758
4147.404297
4122.921875
4099.472656
4081.719482
4079.515869
4083.248535
4119.156738
4129.626953
4114.700684
4117.821777
4103.224609
4080.616699
4099.199707
4098.647461
4091.552979
4102.441895
4106.748535
4109.176758
4120.113770
4114.894531
4118.745605
4119.725586
4122.951172
4093.279297
4102.262695
4101.186035
4130.241699
4130.836426
4108.278320
4102.650391
4131.619629
4130.829102
4127.127930
4113.342773
4122.088867
4122.127441
4087.819580
4091.558350
4139.308105
4097.564941
4115.333008
4103.740234
4118.834473
4095.096680
4118.162109
4100.745117
4111.663574
4103.134277
4105.665527
4108.780273
4131.896973
4081.766602
4099.420410
4083.596191
4108.393555
4103.760254
4129.906250
4100.180664
4119.527344
4099.844238
4094.443604
4110.986816
4117.436035
4122.353027
4123.000000
4115.045410
4088.073975
4128.605469
4091.775146
4097.219727
4136.011719
4096.001953
4101.474121
4111.448730
4101.594238
4119.955566
4121.000000
4120.045410
4108.693848
4109.846680
4096.439453
4070.024658
4099.711914
4108.410645
4119.619629
4112.158203
4087.403320
4142.025391
4156.191895
4087.337891
4128.110352
4112.690918
4149.376465
4062.940674
4092.937988
4125.167969
4102.523438
4102.999512
4125.117676
4124.452148
4108.985840
4107.307129
4143.076172
4115.446777
4116.542969
4117.219727
4130.314941
4110.444824
4107.146484
4112.600098
4099.975098
4085.121582
4107.253418
4123.995117
4077.979980
4109.384277
4133.003418
4088.032471
4109.385254
4094.532227
4109.798340
4104.882813
4102.737793
4121.795410
4129.159668
4122.151367
4115.206055
4098.624023
4089.546387
4126.951172
4149.483398
4125.992188
4107.888672
4103.720703
4109.625000
4126.124512
4122.296387
4096.902344
4126.403320
4123.187012
4122.832031
4124.859375
4110.814453
4071.684814
4031.857666
4060.584473
4092.235596
4094.156250
4085.539307
4094.235596
4073.310059
4085.843262
4098.381348
4087.632568
4073.630371
4089.461670
4096.632324
4102.275879
4055.625488
4087.716797
4056.995117
4077.362305
4050.228516
4081.642334
4068.493408
4084.482178
4059.329346
4073.389160
4073.538574
4116.709961
4100.924805
4076.453125
4068.193604
4080.664307
4080.746094
4073.903076
4077.779785
4100.587891
4106.486816
4063.925049
4080.204346
4081.712402
4077.586426
4051.368164
4073.248779
4078.999268
4091.009521
4061.790527
4087.933105
4081.872314
4101.753906
4079.917969
4097.606934
4059.531006
4058.688721
4021.251465
4084.647217
4066.005371
4112.272949
4076.223633
4081.696777
4051.415771
4125.134766
4046.738770
4116.626953
4061.788818
4103.710449
4042.936035
4057.229980
4064.297607
4098.515137
4074.369629
4107.744141
4072.945313
4095.204834
4047.936523
4113.145508
4062.721680
4118.946777
4058.200439
4112.325684
4060.778320
4101.105469
4088.932129
4104.156250
4084.043213
4132.603027
4083.487549
4115.336914
4062.469971
4121.485840
4025.926270
4118.716797
4054.569092
4093.374268
4080.211914
4116.535645
4065.756592
4103.562500
4076.158936
4098.920410
4051.151855
4092.053223
4068.242188
4097.869141
4068.894531
4105.963867
4063.223389
4100.054688
4012.920166
4087.390869
4057.036865
4077.468506
4031.718750
4092.466064
4063.362305
4058.887939
4051.832275
4078.860840
4020.053223
4092.586670
4053.935547
4163.988770
4069.492676
4097.019531
4064.119873
4092.045654
4066.705811
4095.485352
4035.291260
4096.031250
4069.072510
4079.511475
4093.581055
4108.684570
4060.132813
4062.272949
4049.137207
4094.797363
4057.255615
4091.382324
4070.086426
4106.428711
4048.464355
4080.283936
4048.839844
4069.149902
4084.166992
4091.700439
4082.437988
4109.369629
4069.064209
4126.843262
4062.941406
4079.603516
4081.641113
4076.931152
4071.351074
4107.832520
4076.337158
4097.098145
4081.280518
4082.031494
4057.270996
4084.870361
4061.312012
4094.914063
4112.068848
4092.061035
4063.828125
4087.887451
4083.378662
4090.588623
4072.763916
4081.116455
4073.876953
4073.244385
4065.113281
4069.977783
4024.927246
4070.448975
4063.973877
4081.309326
4076.130371
4068.703125
4061.859375
4080.967529
4070.958252
4099.531738
4073.954102
4098.904785
4099.272949
4107.234375
4081.911865
4107.179688
4088.754883
4110.525879
4086.748047
4090.381592
4097.998047
4106.296387
4086.577148
4126.412109
4065.302979
4104.484375
4068.722168
4101.243164
4045.705078
4064.275635
4053.899414
4114.599121
4063.174805
4061.959229
4072.488770
4099.791016
4064.622559
4083.391357
4052.854004
4076.689453
4083.828125
4088.161133
4063.839111
4080.907959
4056.948730
4132.638184
4091.187012
4095.276123
4046.289063
4065.418213
4047.163818
4104.077148
4090.776367
4107.037598
4067.652588
4099.600586
4070.927490
4090.342773
4048.331299
4091.394043
4031.172363
4040.874756
4051.038818
4072.868652
4060.111084
4051.022217
4044.633789
4067.788086
4071.588379
4090.570557
4045.118652
4088.589600
4081.304443
4099.408203
4051.202393
4093.450684
4097.476074
4067.830322
4042.052490
4106.580566
4057.738770
4080.261719
4081.912354
4079.054443
4047.495361
4085.892578
4065.028809
4073.482178
4074.436768
4100.988770
4068.539795
4100.078125
4088.187256
4078.713867
4064.924072
4067.463867
4088.435791
4114.929688
4084.116455
4096.227539
4053.482178
4061.479492
4097.332031
4145.104004
4092.000000
4074.415039
4038.791260
4078.461670
4079.674316
4062.991699
4060.007568
4085.415771
4074.398926
4064.241943
4071.925537
4078.934570
4085.497314
4089.983887
4084.639648
4072.421875
4079.909668
4062.906982
4066.540039
4054.045166
4059.372314
4064.235596
4071.134033
4061.422607
4055.359863
4077.694092
4092.216064
4080.064453
4076.115967
4084.489990
4069.103760
4071.653564
4092.037842
4065.462402
4040.534668
4054.827881
4074.414063
4069.928223
4080.479980
4058.076904
4047.605225
4068.033936
4059.287109
4043.336426
4063.645996
4061.880127
4056.222900
4069.800537
4065.410400
4066.752197
4090.834229
4061.695068
4077.671143
4059.397949
4104.866699
4077.895752
4064.401611
4079.609375
4100.154297
4070.159424
4091.412598
4064.767822
4105.011719
4073.718506
4098.379395
4050.640869
4060.122803
4055.924561
4083.163818
4055.263428
4089.319092
4050.570801
4096.989258
4081.178467
4066.866455
4071.011963
4039.649902
4043.993652
4069.617920
4058.545654
4087.695801
4085.450439
4059.230225
4041.807617
4089.239502
4061.198730
4103.481934
4081.486816
4078.616699
4046.227051
4071.559814
4074.951904
4099.463867
4091.247070
4075.204346
4071.512207
4096.784668
4084.991455
4063.969727
4079.020508
4066.536865
4054.681152
4065.753418
4088.920410
4074.827637
4059.775635
4050.823242
4077.925049
4054.409912
4089.292480
4071.159424
4102.701660
4082.209473
4097.016602
4041.220703
4090.865967
4085.746338
4108.563965
4088.261230
4125.386230
4111.437500
4094.074463
4038.645264
4079.463623
4048.133301
4116.974609
4051.247803
4119.286621
4103.772461
4096.443359
4057.181152
4094.158691
4083.326172
4083.868408
4033.766113
4082.153809
4057.882813
4124.825684
4028.233154
4086.307861
4058.171631
4077.210449
4059.293457
4100.834961
4046.328613
4103.920898
4081.986816
4070.038574
4051.061523
4105.993164
4053.476074
4099.549316
4047.001709
4117.063477
4051.621094
4065.364502
4051.032471
4108.367676
4063.106689
4116.789063
4056.194580
4104.779297
4075.375000
4115.073242
4027.153076
4122.864746
4051.033203
4080.870117
4076.015381
4093.778809
4007.495117
4101.881836
4092.056885
4109.390625
4029.997314
4083.942871
4084.043457
4139.852539
4043.160156
4097.376953
4061.238525
4104.916016
4063.189209
4111.923828
4049.612793
4074.323486
4043.212402
4097.447266
4079.519287
4121.850098
4043.230225
4120.844238
4056.534668
4050.138428
4038.314697
4127.519043
4055.320068
4113.291504
4058.708252
4111.426270
4070.217529
4107.854980
4052.893311
4102.082031
4059.815430
4088.000244
4022.375000
4088.371338
4044.821289
4109.086426
4019.619629
4086.227539
4071.087646
4106.840820
4090.003662
4108.570801
4067.020020
4094.760254
4096.077637
4172.080566
4161.079590
4148.614746
4124.811523
4149.243164
4051.521484
4102.405273
4073.709717
4103.613281
4087.609863
4091.028320
4080.999268
4104.759766
4099.338379
4088.090576
4099.853516
4091.266113
4090.450195
4121.689941
4113.941895
4102.411621
4112.887207
4109.973633
4109.178711
4109.999512
4091.794678
4094.616455
4078.861084
4116.016113
4097.173340
4103.156250
4108.512695
4128.300781
4138.066406
4103.482910
4091.540283
4107.226074
4131.203613
4124.961914
4116.611328
4119.739746
4076.737549
4082.511230
4088.734619
4113.926270
4139.772949
4113.514648
4133.857910
4125.421387
4122.074707
4131.975586
4119.095215
4124.981934
4147.836914
4110.387695
4094.224609
4141.941406
4099.240234
4095.490723
4128.216797
4104.849609
4134.711426
4126.634277
4121.006348
4092.744141
4094.974609
4092.061768
4117.941406
4111.462891
4113.798340
4110.388672
4104.963867
4108.985352
4147.599121
4134.376953
4089.077393
4122.699707
4087.452637
4109.851563
4123.465332
4104.510742
4076.583008
4092.104492
4115.025879
4108.394043
4133.307129
4119.296387
4095.747070
4096.920410
4106.893066
4117.690430
4095.231689
4096.903809
4126.444336
4127.339355
4129.928223
4116.468262
4101.628418
4105.037109
4093.609863
4102.013184
4109.569824
4101.447754
4099.209473
4103.276855
4115.490234
4127.723633
4108.472656
4098.423828
4127.831543
4098.414063
4122.792969
4121.231445
4108.897461
4127.838379
4121.981934
4124.388184
4107.506348
4119.320313
4120.937988
4116.341797
4114.473145
4135.563965
4113.951660
4122.193359
4102.271973
4109.772461
4109.595703
4125.775879
4105.297852
4107.712891
4109.090820
4110.812988
4137.082520
4117.575684
4101.540527
4122.827148
4111.451660
4112.467773
4085.021729
4092.814209
4109.640137
4140.761719
4116.351074
4120.289551
4128.968750
4120.884766
4118.015625
4104.795898
4112.111816
4121.416016
4093.234131
4117.169434
4108.052246
4096.159180
4116.576660
4084.035889
4067.318848
4121.170410
4110.903320
4110.229004
4109.678711
4089.718994
4063.425049
4067.415771
4081.242920
4103.124512
4052.531250
4107.670898
4101.882324
4125.930664
4094.486572
4108.369629
4091.980225
4129.786621
4101.138672
4108.226074
4112.439453
4085.198975
4103.413086
4090.045898
4104.232910
4105.782227
4103.894043
4103.200684
4104.645508
4102.079102
4116.338379
4123.177734
4130.936523
4108.373047
4107.035156
4106.047363
4063.431396
4129.288086
4095.152832
4130.631836
4113.655762
4140.939941
4101.604492
4118.804199
4085.431641
4118.097656
4110.031738
4038.657227
4081.541748
4104.542480
4085.408691
4141.148926
4147.811523
4112.183105
4107.150391
4084.024170
4129.583984
4087.656738
