Record Length: 1024
BoardID: 31
Channel: 10
Event Number: 179
Pattern: 0x0000
Trigger Time Stamp: 665884374
DC offset (DAC): 0x7FFF
Start Index Cell: 713
2606.000000
2606.000000
2606.966064
2607.958740
2608.000000
2609.903320
2609.054932
2610.864258
2608.247803
2607.091797
2607.000000
2607.000000
2606.050049
2606.965820
2608.973145
2607.994629
2606.983887
2605.978271
2605.134766
2608.903076
2606.934082
2606.000000
2606.180420
2607.906494
2607.278320
2609.811279
2608.310791
2610.649658
2607.868408
2607.000000
2607.330078
2609.000000
2608.630127
2607.369141
2608.820068
2608.179443
2609.561768
2611.020996
2607.599609
2609.603271
2607.811523
2606.470459
2604.509766
2606.659668
2605.543945
2607.404297
2605.217285
2606.714844
2608.744385
2607.468262
2606.000000
2606.281006
2607.607422
2609.331055
2609.641846
2609.000000
2609.000000
2608.615479
2607.219482
2606.802002
2607.583252
2606.566895
2606.000000
2606.931885
2606.570313
2605.485840
2606.497559
2608.018311
2609.000000
2606.920654
2606.036377
2606.493896
2605.029053
2605.857422
2608.906982
2610.000000
2608.142334
2605.054443
2604.483887
2607.495850
2608.449219
2607.531250
2609.616455
2608.831055
2608.083496
2609.000000
2609.000000
2609.000000
2607.459717
2607.545410
2608.484863
2608.000000
2608.000000
2609.573975
2608.463379
2606.963135
2607.078369
2606.446045
2607.432861
2608.422363
2609.000000
2608.579834
2607.576660
2606.151611
2606.692383
2609.420410
2610.000000
2609.199951
2608.383789
2609.371094
2608.916504
2607.350098
2608.000000
2606.628418
2605.068115
2607.000000
2606.246826
2605.748535
2607.000000
2607.684326
2607.743164
2605.285889
2606.525146
2607.507568
2606.233643
2607.000000
2607.207764
2608.798584
2611.211182
2608.198975
2608.383057
2606.215576
2607.447754
2609.000000
2608.145508
2605.615723
2607.799805
2607.197266
2607.232178
2604.563965
2606.818604
2606.349365
2608.000000
2607.362549
2604.466797
2607.156738
2608.324707
2610.000000
2609.478760
2606.826660
2606.167236
2607.482666
2610.157471
2610.678711
2608.670654
2607.166260
2608.000000
2608.164795
2608.666504
2607.506104
2609.668945
2607.697266
2606.128906
2607.209229
2608.739990
2606.076416
2606.935547
2606.051270
2606.956299
2606.079590
2607.880615
2605.083984
2607.000000
2607.000000
2607.000000
2606.946045
2606.178711
2608.939697
2607.939941
2607.066406
2607.911377
2607.376221
2609.651611
2608.888184
2611.487061
2609.172363
2607.861084
2608.834717
2606.583252
2609.144775
2610.072021
2605.779297
2608.243408
2608.773438
2607.788086
2607.202393
2608.199951
2607.977783
2604.836426
2607.374023
2605.411621
2607.198242
2607.814209
2606.651611
2605.680176
2608.479492
2606.000000
2606.575439
2609.000000
2609.217041
2608.793701
2605.264404
2605.713867
2605.912598
2608.000000
2607.660400
2606.290527
2605.737305
2606.225342
2606.629639
2607.306641
2604.563965
2606.251221
2607.605225
2606.959229
2606.012451
2605.037842
2608.175781
2608.312744
2606.429199
2606.572021
2608.144775
2609.000000
2608.424316
2608.000000
2607.431641
2608.139404
2606.114746
2605.760254
2607.000000
2607.000000
2608.825928
2606.318359
2607.092773
2608.379395
2608.000000
2607.386475
2607.610352
2605.534912
2605.895020
2607.000000
2606.323242
2606.701904
2607.735107
2607.224609
2607.000000
2607.000000
2607.844971
2608.000000
2608.867188
2608.118164
2608.000000
2609.815918
2609.087646
2606.261230
2609.675293
2609.074951
2606.221191
2606.920654
2605.175537
2607.720703
2607.097412
2606.104004
2606.000000
2606.000000
2606.866699
2608.745117
2606.340576
2606.000000
2606.898682
2609.692139
2608.195068
2607.089111
2607.919189
2608.922363
2605.289307
2607.781250
2607.076660
2606.069580
2608.826904
2607.103271
2607.000000
2607.940918
2607.064697
2606.077148
2606.000000
2606.866699
2606.168701
2605.198730
2605.777832
2606.757324
2607.736084
2607.282227
2607.707031
2607.298340
2609.112793
2609.286621
2609.000000
2606.127197
2605.715332
2610.308105
2610.552734
2608.538574
2608.737549
2606.761719
2607.516846
2607.229492
2607.000000
2606.211670
2606.000000
2606.000000
2608.357910
2608.209717
2607.209229
2606.211426
2608.335449
2609.760010
2609.258545
2607.555420
2608.397217
2608.331055
2609.279541
2608.163330
2608.765869
2609.427246
2607.873047
2607.558838
2608.000000
2608.000000
2607.409424
2608.216797
2605.907471
2605.246094
2606.627686
2607.632813
2606.719238
2607.952881
2607.018799
2606.000000
2606.661377
2607.000000
2608.297363
2606.400146
2606.959961
2608.000000
2607.339844
2610.303223
2610.691895
2609.364014
2609.611572
2609.409424
2608.426514
2608.000000
2608.534668
2607.981934
2608.909424
2608.772705
2606.848633
2606.321533
2605.278564
2606.566406
2606.000000
2606.430176
2607.000000
2606.167236
2606.222412
2607.603027
2607.775391
2607.856689
2606.739990
2608.705566
2609.336426
2608.314941
2609.000000
2608.379395
2607.962158
2610.000000
2609.333252
2608.000000
2608.649902
2610.325439
2610.676025
2609.359863
2608.000000
2608.891846
2610.144775
2607.729980
2607.250244
2607.768066
2607.224854
2608.683350
2610.078369
2607.678467
2609.145752
2606.398926
2608.187256
2608.452148
2606.367676
2608.364990
2609.824951
2608.671875
2607.616211
2610.415039
2606.861084
2606.522461
2609.404541
2605.684326
2610.547363
2607.320068
2609.903320
2608.912354
2608.166260
2609.825928
2608.088867
2609.000000
2609.059814
2610.000000
2610.000000
2608.084229
2610.770020
2609.213135
2609.000000
2608.182129
2607.215332
2608.527344
2607.507080
2608.451416
2606.165283
2608.467529
2607.978271
2608.965332
2610.000000
2608.144531
2606.393066
2607.208984
2608.605469
2608.392578
2608.613037
2607.153809
2607.822998
2607.796387
2608.812744
2608.177002
2608.812012
2610.000000
2609.421143
2607.863281
2608.118164
2610.108154
2610.453613
2608.939453
2606.969727
2604.998047
2605.437500
2607.000000
2607.428223
2607.597168
2607.758057
2608.637451
2608.000000
2608.352295
2608.652832
2608.000000
2608.000000
2608.685791
2608.655762
2606.989014
2608.023193
2606.961426
2609.315430
2609.694092
2608.707031
2607.713867
2608.142334
2609.853271
2607.000000
2607.290039
2607.099854
2606.230225
2608.693848
2608.302490
2609.896240
2610.813721
2607.104980
2605.610840
2606.683838
2606.000000
2607.319824
2610.000000
2609.649902
2607.904053
2606.752441
2607.250244
2606.367432
2607.360107
2608.000000
2607.662842
2607.632080
2609.295898
2609.721924
2608.479492
2608.216309
2611.322998
2609.000000
2608.290771
2605.302490
2607.253906
2608.675781
2606.272217
2608.714111
2605.273682
2609.750244
2604.949707
2604.316895
2609.758301
2606.154785
2608.213379
2609.722168
2607.829102
2607.201904
2608.000000
2608.487305
2609.482910
2608.273926
2607.565918
2605.765625
2609.411865
2607.716553
2607.000000
2606.737305
2606.518799
2608.000000
2608.795166
2610.454590
2608.724609
2607.457031
2607.043457
2609.750488
2608.523926
2607.000000
2607.225098
2608.000000
2608.000000
2608.406982
2610.000000
2609.430908
2607.790527
2610.374023
2608.646240
2610.562988
2609.221191
2608.888672
2605.432373
2607.417969
2608.387939
2606.597412
2608.618164
2607.724854
2610.655762
2608.512939
2605.843994
2605.476074
2608.170166
2608.630371
2607.195801
2607.801758
2607.780029
2610.802979
2609.795654
2608.787354
2607.783203
2607.440918
2608.324951
2606.455078
2608.688477
2609.834961
2606.475342
2608.481934
2609.509766
2608.000000
2608.245605
2608.291748
2606.678711
2609.451660
2609.344238
2605.526123
2609.729736
2608.431152
2607.298584
2607.379150
2606.000000
2606.321533
2608.583008
2611.076660
2609.000000
2609.279541
2610.000000
2609.749512
2608.542969
2607.416016
2609.389404
2610.624023
2609.000000
2608.825439
2608.321533
2610.000000
2609.457031
2606.347412
2608.806396
2607.078125
2608.180908
2610.749512
2606.093750
2607.849121
2605.317871
2610.840576
2608.057373
2609.000000
2609.231934
2610.691162
2609.187988
2608.741699
2604.887207
2608.227295
2609.000000
2608.774902
2608.452393
2610.000000
2609.551758
2607.774902
2607.457031
2608.541504
2607.232422
2608.242676
2608.735596
2608.000000
2608.316895
2607.696777
2605.968994
2607.685059
2607.000000
2607.000000
2607.314453
2607.358154
2606.324219
2607.648682
2608.348389
2606.670898
2606.658203
2607.671875
2607.661377
2607.993408
2607.355225
2608.993164
2608.292969
2610.072266
2609.201904
2610.509033
2606.701416
2607.478027
2609.557373
2606.847656
2609.000000
2608.464111
2608.040039
2609.724609
2606.762695
2608.737549
2608.834473
2609.838135
2607.295166
2607.704590
2607.000000
2607.882813
2609.113770
2608.163574
2610.720947
2608.688721
2606.221680
2609.770020
2608.135986
2606.006348
2609.805420
2608.595703
2606.567627
2606.150391
2610.000000
2609.521973
2608.000000
2608.000000
2608.228027
2609.230469
2609.534912
2608.464355
2609.767578
2609.461914
2609.842529
2606.236816
2607.243164
2608.499512
2609.739990
2608.460449
2607.000000
2607.248047
2607.769043
2607.871582
2610.381348
2608.197754
2609.195557
2610.198730
2610.596436
2608.395508
2606.198730
2607.389893
2608.604492
2607.622070
2609.784424
2608.779297
2607.545166
2606.708496
2608.755859
2607.489746
2606.835693
2607.462891
2605.654053
2609.000000
2609.000000
2607.905762
2606.719971
2608.000000
2608.330811
2608.685547
2607.697266
2606.416016
2606.113770
2608.735107
2608.258545
2609.518555
2610.209473
2608.263672
2608.741455
2608.488525
2609.564697
2608.186035
2608.845215
2608.000000
2607.670410
2605.198730
2607.091064
2607.831299
2606.341797
2609.831055
2608.077393
2608.710449
2605.329590
2609.943848
2609.000000
2608.989746
2608.016357
2610.900146
2609.071777
2609.969727
2606.075928
2608.973633
2609.995117
2606.036865
2607.962646
2607.029053
2610.843262
2609.117920
2606.236572
2610.529541
2608.314209
2610.651611
2608.389893
2607.144775
2608.693115
2609.000000
2607.332275
2607.816650
2608.000000
2609.539551
2610.000000
2608.554443
2607.293701
2607.700684
2608.699951
2611.802734
2612.291504
2609.107422
2607.263184
2609.982666
2607.997314
2609.262939
2608.481445
2606.475586
2608.272949
2606.015869
2607.939941
2607.543457
2608.449951
2606.802002
2608.266602
2605.881836
2608.969727
2607.586670
2609.456055
2607.497070
2607.000000
2607.000000
2609.555176
2608.290283
2612.273193
2607.874268
2607.000000
2607.000000
2608.716797
2607.289795
2609.548584
2608.318848
2607.173828
2607.805176
2607.217285
2608.529541
2609.750977
2607.799316
2607.000000
2608.363037
2610.972656
2608.806885
2606.376465
2606.606445
2607.586426
2608.567383
2609.000000
2608.451660
2609.106934
2608.309082
2608.722412
2607.069580
2607.394531
2607.791260
2608.217773
2608.382813
2608.000000
2608.635742
2606.419189
2606.957275
2607.345459
2607.000000
2607.000000
2607.689209
2608.000000
2607.277832
2606.271240
2608.187744
2609.727539
2607.807617
2608.475098
2609.000000
2607.508301
2606.244629
2605.243164
2606.509033
2607.759521
2604.902344
2608.792725
2606.685547
2606.000000
2606.874268
2607.000000
2607.000000
2608.800537
2605.335693
2607.792725
2607.055908
2609.861084
2610.000000
2609.029785
2609.000000
2608.009033
2607.000000
2607.013184
2608.068115
2611.970947
2608.069092
2609.903809
2609.082520
2608.112305
2608.000000
2608.854004
2604.731201
2607.436035
2608.000000
2607.125244
2606.117188
2608.643066
2610.737793
2610.144043
2608.317627
2608.824219
2608.195068
2607.212402
2607.000000
2610.069580
2608.698486
2608.000000
2608.000000
2609.614014
2611.637207
2609.538818
2608.187012
2609.609863
2611.593506
2610.420166
2608.406738
2608.816406
2609.839355
2609.143311
2609.000000
2606.354248
2607.794434
2607.087646
2605.139160
2605.945557
2608.888428
2609.000000
2609.000000
2609.000000
2606.015137
2606.000000
2606.030273
2610.964600
2607.029785
2609.000000
2609.000000
2609.000000
2609.000000
2608.005371
2607.010498
2608.024414
2608.923828
2607.101563
2608.864502
2607.168701
2608.905273
2608.196045
2610.212402
2611.619385
2609.000000
2608.648682
2607.389893
2608.151367
2605.456543
2607.000000
2607.764404
2609.202393
2607.276855
2608.284180
2608.419678
2607.300293
2608.631836
2609.667480
2609.348145
2608.508789
2607.236572
2607.655029
2606.942383
2608.483887
2608.010742
2608.012939
2608.481689
2609.594482
2608.241211
2607.743164
2609.610840
2610.637939
2609.670166
2609.000000
2606.831055
2609.016602
2610.000000
2610.000000
2610.000000
2609.157227
2609.000000
2607.291992
2605.272949
2605.871094
2605.120605
2606.784912
2609.726074
2606.289063
2606.943359
2605.083252
2606.960205
2608.981689
2606.000000
2606.000000
2606.048584
2607.151367
2609.843994
2607.053711
2607.890381
2606.289063
2611.000000
2611.040771
2611.812500
2607.162842
2611.039307
2611.886963
2609.102051
2611.949707
2609.970459
