Record Length: 1024
BoardID: 31
Channel: 6
Event Number: 179
Pattern: 0x0000
Trigger Time Stamp: 665884374
DC offset (DAC): 0x7FFF
Start Index Cell: 715
2638.000000
2637.993896
2637.001221
2637.985840
2639.921143
2637.186768
2635.152100
2636.827393
2636.104492
2638.607666
2638.159668
2636.366211
2637.604004
2637.206055
2636.210205
2636.788818
2636.208496
2636.793213
2637.000000
2636.197021
2635.193115
2635.000000
2635.814453
2635.176270
2635.000000
2637.546875
2638.000000
2640.606201
2637.438477
2636.081543
2639.781982
2640.000000
2639.013428
2638.003906
2638.000000
2636.019043
2636.981445
2637.000000
2637.960449
2636.103760
2635.057861
2636.892334
2640.859375
2637.049072
2636.000000
2635.978760
2635.034180
2636.116943
2638.866943
2636.194336
2639.947998
2638.944336
2638.000000
2638.069336
2638.762451
2636.000000
2636.093262
2637.087891
2638.080566
2638.927246
2637.880371
2636.040283
2637.000000
2637.000000
2635.059326
2637.851563
2637.063232
2635.160400
2635.896240
2636.000000
2637.693848
2634.698242
2634.000000
2639.498047
2637.163818
2638.259277
2637.510254
2637.743652
2639.492432
2639.246826
2639.764404
2636.894775
2636.000000
2637.596436
2636.375977
2637.653564
2636.320313
2637.708008
2636.285645
2636.849121
2637.837891
2636.343262
2635.189697
2637.372314
2637.225342
2638.529297
2635.991211
2633.513672
2638.126465
2638.573975
2635.237061
2635.337158
2637.936279
2637.133301
2636.000000
2635.427734
2637.759766
2637.272949
2637.774414
2638.850830
2639.193359
2636.906982
2635.640381
2637.319336
2638.000000
2635.937500
2635.691162
2636.691650
2636.305176
2634.606445
2637.464600
2634.875244
2634.360840
2635.672607
2636.000000
2635.326416
2636.353760
2637.000000
2639.658447
2638.378662
2636.348389
2636.653564
2637.000000
2636.324219
2636.000000
2636.714111
2637.736328
2637.244873
2636.227783
2637.583008
2635.560059
2635.000000
2636.727539
2637.883057
2637.110352
2636.111816
2636.883545
2636.120117
2636.000000
2636.000000
2638.653809
2641.644287
2636.723877
2638.630615
2638.133301
2638.000000
2638.846924
2638.159180
2638.837402
2638.169434
2636.361328
2635.198486
2635.782715
2636.000000
2637.513184
2635.759766
2636.472656
2636.281250
2635.302734
2635.680420
2636.664063
2637.645020
2638.624268
2636.575439
2636.767578
2638.000000
2639.117432
2638.359863
2637.538330
2638.539551
2637.349854
2636.562012
2638.720947
2639.417236
2637.234619
2637.784668
2636.578857
2637.472900
2639.627441
2637.472412
2636.636230
2637.000000
2635.706543
2636.296387
2635.048584
2635.302490
2636.650391
2636.349609
2638.587402
2638.077148
2635.718750
2635.000000
2636.974365
2638.000000
2637.297607
2639.159424
2638.545898
2638.000000
2638.000000
2638.000000
2638.000000
2635.802246
2635.738037
2635.252930
2635.000000
2635.766602
2637.560547
2636.420898
2636.791992
2637.000000
2635.425537
2635.784912
2633.663574
2636.067383
2633.955322
2636.075928
2637.000000
2636.185547
2636.841309
2637.000000
2637.870605
2638.000000
2636.232422
2636.894043
2637.908447
2638.000000
2638.000000
2637.072998
2637.934814
2638.000000
2637.055176
2635.107910
2634.052246
2634.955078
2638.819092
2636.173584
2634.153564
2636.712158
2637.000000
2637.884033
2636.235840
2636.000000
2636.000000
2638.621826
2636.401855
2638.595947
2639.000000
2637.237549
2640.569580
2639.210205
2639.000000
2637.219971
2637.876465
2638.854004
2637.333496
2637.812256
2635.622314
2638.892822
2636.154541
2635.762451
2635.244141
2637.257080
2635.731934
2635.753418
2638.232178
2636.059082
2636.440186
2634.896240
2635.365967
2636.673096
2635.668213
2636.315674
2637.000000
2637.000000
2637.000000
2637.708496
2638.000000
2638.712891
2637.598389
2636.323242
2634.708008
2635.840332
2637.000000
2637.000000
2637.000000
2636.493408
2636.485107
2635.135742
2634.779541
2636.146240
2635.419922
2636.421875
2637.844971
2637.344238
2636.205811
2638.000000
2638.000000
2638.416016
2638.570313
2638.446533
2639.000000
2639.474854
2638.544189
2637.493408
2638.000000
2637.482422
2635.398438
2635.099854
2636.000000
2637.161621
2638.590820
2637.219238
2636.597168
2636.392334
2637.241455
2637.370850
2637.000000
2637.641602
2638.648438
2637.693848
2638.957520
2640.000000
2638.085449
2637.000000
2638.246826
2637.787598
2639.341553
2638.722656
2637.000000
2638.082031
2638.473145
2638.513184
2638.004639
2637.478271
2638.000000
2637.564941
2636.590332
2636.379639
2636.298828
2635.657715
2637.315674
2637.694336
2636.707275
2637.132813
2639.718506
2637.830078
2635.305176
2636.919678
2638.701660
2638.000000
2637.736572
2637.000000
2636.806641
2636.150146
2637.000000
2637.069824
2637.925537
2636.029297
2638.959717
2639.000000
2637.110107
2637.932861
2638.000000
2638.000000
2636.217529
2637.709961
2638.824463
2635.808105
2635.776855
2637.526611
2638.762695
2636.674805
2637.590820
2635.546631
2637.498047
2638.000000
2636.303467
2637.704346
2635.437012
2639.258789
2637.471924
2638.665771
2638.173828
2638.824707
2639.000000
2637.326904
2638.685791
2637.301514
2637.000000
2637.000000
2636.150146
2638.501953
2637.359375
2636.185547
2637.628174
2638.000000
2637.173584
2639.507080
2637.475830
2639.552734
2636.551758
2636.871826
2637.000000
2636.125732
2638.613037
2638.136230
2636.289551
2636.000000
2638.515869
2637.316162
2637.000000
2635.263428
2636.761719
2637.000000
2637.895996
2637.101318
2637.897705
2636.211426
2638.670166
2635.485107
2638.453369
2639.000000
2638.165771
2640.457764
2638.563721
2640.432373
2638.574951
2637.197510
2636.208252
2636.000000
2639.032471
2636.269287
2636.489258
2637.750732
2639.527832
2637.645508
2635.383057
2637.484863
2638.835449
2635.672363
2637.464355
2638.000000
2637.189209
2636.185059
2638.449951
2639.000000
2639.000000
2639.815918
2637.529785
2641.187744
2638.612793
2638.850098
2639.000000
2637.372559
2637.774902
2638.727539
2637.636963
2636.352295
2636.000000
2639.198730
2638.397949
2638.311523
2639.000000
2638.362549
2638.000000
2638.000000
2638.615967
2637.777832
2637.000000
2638.218506
2639.000000
2639.614502
2638.756104
2638.000000
2638.000000
2638.000000
2637.314941
2637.000000
2637.000000
2637.000000
2637.698975
2638.703125
2637.571777
2637.732178
2638.751709
2638.232666
2638.783691
2637.413330
2637.000000
2640.148926
2639.439453
2636.685059
2636.000000
2638.289551
2639.000000
2638.212891
2635.601074
2635.810791
2637.647949
2637.162109
2637.000000
2636.141846
2638.604492
2638.127930
2634.497314
2637.519531
2638.881348
2636.354980
2636.879883
2637.869873
2638.862549
2638.140381
2638.000000
2638.846436
2638.163086
2636.341064
2636.828125
2638.664551
2639.000000
2637.314697
2639.550049
2637.453613
2639.536865
2638.320557
2635.537598
2638.201904
2639.000000
2639.771973
2636.931152
2635.234131
2637.291016
2637.236084
2636.230957
2639.080322
2640.759766
2638.030273
2638.443359
2639.000000
2638.303955
2639.381592
2640.000000
2640.674072
2639.660645
2638.330322
2639.344482
2638.653076
2640.031494
2639.629395
2638.303467
2639.416260
2639.278076
2636.079102
2637.931885
2636.782959
2637.495605
2638.750977
2639.744873
2638.545898
2638.699463
2638.324219
2637.343018
2635.715088
2636.901367
2636.738281
2637.902588
2638.360840
2638.640625
2637.719971
2640.206299
2639.428711
2638.641113
2637.711426
2637.654541
2637.335693
2639.010742
2637.314453
2637.345215
2639.351074
2639.321045
2639.000000
2637.666748
2637.657715
2637.354248
2637.000000
2638.231445
2638.400879
2638.000000
2638.563232
2637.918701
2639.080322
2638.985107
2636.516113
2636.460205
2637.000000
2639.116455
2640.322510
2638.000000
2637.575684
2637.858154
2639.000000
2639.449707
2638.606445
2637.000000
2636.510010
2637.003906
2639.021240
2638.967529
2638.000000
2639.052246
2637.383545
2635.000000
2636.489014
2637.509766
2637.974854
2638.518799
2638.000000
2636.573242
2635.960205
2638.946777
2640.019287
2638.016113
2637.983154
2638.020996
2639.427979
2639.604248
2638.409912
2638.627686
2637.438477
2639.259521
2639.765137
2638.817871
2638.386230
2637.177734
2639.000000
2638.249512
2636.270752
2636.061279
2638.000000
2637.337402
2636.639893
2637.696045
2637.000000
2637.809082
2639.225342
2637.496338
2639.245361
2639.491699
2637.451416
2636.585449
2637.697021
2636.369629
2636.309570
2639.670166
2639.986816
2638.341064
2639.000000
2639.334229
2639.358643
2638.000000
2637.701172
2636.695801
2636.929688
2639.000000
2639.312500
2639.059814
2637.631348
2638.684326
2637.051270
2635.974365
2638.000000
2638.676270
2639.647949
2637.886719
2637.171387
2639.000000
2639.870361
2641.467041
2640.001953
2638.000000
2637.461182
2638.615479
2637.841309
2634.904053
2635.689697
2637.000000
2636.408936
2638.996338
2639.790039
2636.520508
2636.292969
2637.673096
2638.000000
2638.000000
2638.733643
2638.255127
2638.000000
2635.786377
2637.918701
2638.272461
2638.000000
2636.497070
2636.769531
2637.784668
2638.000000
2637.195313
2636.175537
2636.844482
2638.717285
2639.000000
2638.147949
2639.687744
2637.500488
2636.180176
2637.622803
2637.186768
2640.296143
2640.156494
2638.262939
2637.109375
2637.000000
2638.882568
2635.143555
2640.907227
2635.011963
2638.988770
2637.000000
2637.003174
2639.990234
2637.009766
2637.000000
2638.010010
2638.974609
2638.118408
2640.957520
2639.834473
2636.000000
2636.099854
2639.066650
2640.963623
2640.034424
2640.928223
2638.007324
2638.987549
2637.045166
2637.976318
2638.978760
2639.986328
2640.000000
2637.000977
2638.000000
2638.000000
2638.988281
2638.005127
2638.000000
2638.000000
2637.971436
2637.033447
2638.062256
2639.917236
2636.032715
2638.052734
2639.955566
2639.056885
2640.000000
2639.827148
2637.095703
2638.883545
2636.087402
2639.024170
2640.992920
2636.076904
2638.920166
2638.036621
2638.000000
2638.973877
2637.032471
2639.987061
2638.987549
2638.030518
2638.964355
2638.000000
2638.000000
2638.017578
2639.020752
2639.947510
2638.057129
2640.033447
2640.949463
2639.636230
2635.367188
2639.000000
2638.879395
2637.881592
2637.000000
2637.083496
2637.781006
2635.201904
2637.940186
2636.876221
2635.167236
2636.654785
2634.000000
2634.643311
2638.187012
2638.346191
2636.503174
2637.428711
2636.639404
2636.930908
2636.557373
2639.000000
2639.000000
2639.491455
2638.954590
2638.000000
2638.000000
2638.560303
2637.290039
2638.895752
2639.234375
2637.395264
2637.626709
2636.705322
2639.333740
2639.623535
2640.415527
2639.561523
2639.000000
2637.537598
2636.263184
2638.231201
2636.744385
2639.066162
2636.843018
2637.639648
2637.145996
2637.000000
2638.807617
2639.000000
2634.325439
2638.702393
2638.054199
2637.044189
2636.041260
2637.905518
2637.052246
2637.000000
2637.000000
2637.975098
2640.992676
2639.942627
2637.075439
2638.943115
2638.210205
2640.639648
2636.890137
2636.541504
2639.521973
2637.178467
2637.411377
2635.208008
2636.634033
2638.368896
2636.218018
2637.236816
2638.000000
2637.165771
2635.584961
2637.300293
2637.694336
2637.000000
2637.316650
2638.963623
2640.019531
2637.665771
2637.686279
2638.645020
2637.631104
2638.150879
2639.195557
2638.000000
2637.086182
2636.487061
2637.000000
2635.954834
2635.527832
2636.528809
2637.000000
2637.000000
2637.000000
2636.474365
2636.530029
2637.532471
2638.000000
2637.484131
2636.499512
2637.937988
2637.641357
2635.926758
2638.365479
2639.556885
2639.000000
2638.596924
2637.620605
2637.000000
2637.655273
2638.694336
2638.584961
2638.569092
2635.841309
2638.000000
2637.434326
2636.873291
2638.392822
2637.000000
2636.678467
2637.295654
2639.038818
2637.312744
2637.697266
2637.000000
2636.714111
2637.112305
2639.159424
2636.707031
2637.229980
2640.000000
2639.692627
2638.702148
2637.429199
2636.528809
2637.754639
2637.230469
2638.000000
2637.578125
2636.991455
2640.818604
2639.837402
2639.145996
2639.481689
2636.118896
2636.884277
2636.000000
2635.882813
2635.000000
2635.230469
2636.875977
2635.867432
2635.132080
2636.636719
2640.653564
2638.000000
2637.932373
2637.100830
2638.827393
2635.091797
2637.114502
2638.849121
2637.096436
2637.885498
2637.128906
2637.861816
2636.716553
2635.566406
2639.000000
2639.141113
2640.000000
2639.534180
2637.172119
2637.614014
2637.081055
2640.295410
2638.000000
2637.527588
2636.455566
2638.000000
2637.806152
2637.000000
2637.431152
2639.744385
2638.000000
2638.108887
2639.211426
2640.799072
2638.822754
2637.000000
2637.048340
2638.000000
2637.997314
2637.016113
2636.035156
2638.858154
2637.108154
2637.000000
2637.000000
2638.839600
2636.225830
2636.933594
2637.000000
2638.886230
2637.131348
2637.000000
2632.429932
2637.481201
2636.165039
2638.781250
2641.807861
2639.189453
2639.000000
2640.885010
2642.899658
2637.256104
2640.882080
2641.985107
