Record Length: 1024
BoardID: 31
Channel: 5
Event Number: 179
Pattern: 0x0000
Trigger Time Stamp: 665884374
DC offset (DAC): 0x7FFF
Start Index Cell: 715
2619.000000
2618.981689
2616.003906
2618.957764
2619.000000
2618.062256
2618.000000
2617.086182
2618.791260
2615.523193
2620.041504
2617.732178
2616.197998
2619.969971
2618.630371
2615.633301
2615.000000
2618.966309
2619.202637
2617.394043
2617.806885
2616.381348
2615.185547
2618.295166
2618.161865
2618.000000
2617.143311
2617.868652
2619.780762
2614.489746
2620.618164
2618.093262
2617.013428
2617.000000
2617.000000
2617.000000
2618.962891
2619.973633
2620.000000
2618.103760
2618.000000
2616.107666
2616.964844
2615.024414
2618.000000
2618.000000
2618.000000
2618.077881
2619.955566
2618.951416
2618.104248
2620.000000
2619.818604
2617.000000
2617.395752
2621.735840
2618.813721
2617.263428
2619.919434
2619.145508
2620.760498
2617.000000
2617.015625
2617.990723
2618.970215
2620.901123
2618.189453
2617.080078
2617.896240
2618.000000
2618.846924
2617.349121
2617.803467
2618.000000
2617.232666
2617.753174
2618.744873
2618.256348
2618.000000
2618.000000
2618.000000
2619.552490
2620.000000
2619.201904
2619.812012
2617.519775
2618.679688
2617.291992
2616.142822
2616.849121
2618.675781
2619.828369
2620.810303
2619.418457
2617.450439
2617.000000
2617.000000
2616.256836
2615.267578
2618.565430
2620.000000
2620.000000
2619.354492
2618.377686
2618.597900
2617.283203
2618.759766
2619.909180
2618.445068
2619.149170
2620.000000
2618.762695
2616.719238
2616.659668
2617.676270
2618.000000
2617.308838
2618.383301
2616.915283
2616.000000
2618.078857
2619.000000
2616.278076
2617.017578
2616.656494
2617.347168
2620.030518
2621.000000
2621.000000
2618.378662
2617.000000
2618.307373
2618.335938
2617.324219
2617.000000
2617.714111
2619.472656
2617.734619
2617.772217
2617.208496
2614.560059
2615.674561
2619.455078
2617.350586
2613.441162
2613.000000
2617.417236
2618.879883
2618.117432
2618.884766
2619.000000
2618.118652
2618.879395
2620.753662
2620.133301
2617.431396
2619.541016
2620.000000
2620.837402
2617.677490
2619.457764
2615.991943
2618.913330
2615.386475
2616.269531
2619.240234
2620.736328
2615.250488
2614.394775
2616.361084
2617.000000
2617.000000
2617.000000
2617.606201
2619.178467
2617.709473
2615.441406
2618.280273
2620.461670
2618.381348
2617.550049
2619.123779
2620.573730
2620.417236
2617.645996
2617.784668
2618.394775
2617.381836
2617.000000
2616.368164
2617.272461
2617.357666
2617.000000
2617.648193
2617.349609
2618.953613
2618.699219
2617.349609
2618.293701
2618.359131
2618.000000
2618.645996
2618.341797
2618.000000
2618.000000
2618.719727
2619.727051
2618.543213
2619.458984
2620.000000
2617.806396
2617.732666
2616.524170
2616.747070
2618.510986
2616.700195
2616.780273
2616.210449
2615.208008
2617.372314
2616.425537
2616.784912
2616.221191
2617.533691
2617.238770
2617.000000
2617.000000
2617.814453
2617.158691
2618.718018
2619.000000
2619.000000
2619.000000
2619.000000
2619.000000
2618.083984
2618.000000
2619.854248
2620.934814
2619.116943
2617.110107
2615.107910
2617.843262
2616.089844
2618.864502
2618.057861
2618.000000
2617.095947
2617.892090
2619.768311
2617.353760
2617.000000
2617.000000
2619.621826
2617.401855
2617.865234
2618.000000
2618.000000
2618.892334
2619.000000
2619.892822
2617.330078
2618.752686
2617.291748
2618.666504
2620.624512
2617.829834
2617.778564
2618.000000
2617.237549
2617.755859
2618.000000
2617.243896
2618.506836
2617.511719
2615.529541
2617.160156
2618.000000
2618.682861
2618.326904
2618.000000
2616.684326
2616.655518
2619.665039
2621.000000
2621.708496
2619.139404
2619.425537
2620.000000
2618.646240
2617.354004
2618.226807
2618.415039
2619.117676
2617.337891
2616.013184
2617.485107
2616.601807
2615.444824
2616.000000
2617.260254
2618.156250
2617.422607
2618.414063
2619.401855
2620.000000
2620.000000
2619.167969
2618.000000
2619.786621
2621.076660
2620.000000
2618.544189
2618.973877
2620.496094
2618.965088
2619.067627
2618.900146
2619.130859
2619.419189
2617.818604
2617.593506
2616.805420
2619.645752
2619.517090
2619.887695
2619.096680
2617.358398
2618.296875
2618.346924
2619.304932
2621.291748
2620.085449
2621.528320
2619.883057
2618.000000
2619.170898
2619.430664
2619.000000
2619.000000
2618.473145
2618.000000
2617.502197
2617.478271
2617.542969
2618.305420
2618.771240
2617.379639
2618.000000
2617.671143
2618.263184
2619.777344
2616.414551
2616.132813
2619.844238
2620.537598
2617.915771
2619.386963
2617.701660
2618.140625
2619.946533
2617.698975
2620.193359
2620.849854
2619.781738
2618.139893
2619.888184
2617.019531
2618.973145
2619.962891
2617.165283
2617.000000
2618.852539
2618.083984
2619.782471
2618.290039
2618.824463
2617.404053
2617.776855
2617.236816
2617.000000
2620.100342
2618.613770
2618.817871
2619.832764
2618.314453
2621.393066
2619.443359
2618.145752
2618.000000
2618.000000
2618.833008
2618.173828
2619.649414
2620.000000
2616.653809
2618.528564
2618.150879
2616.284424
2617.716553
2618.849854
2619.833984
2618.359375
2620.443359
2617.743652
2619.455322
2619.173584
2619.000000
2619.000000
2618.149170
2618.862061
2618.128174
2619.749023
2620.000000
2620.871094
2620.136230
2618.289551
2619.689453
2620.000000
2620.842041
2620.145264
2619.131592
2618.119141
2617.112061
2620.583740
2618.303711
2620.693359
2620.105713
2620.000000
2620.000000
2620.000000
2618.301025
2616.331299
2617.638428
2620.436279
2617.756836
2618.616699
2619.802490
2618.416260
2619.552490
2618.483887
2618.000000
2619.489258
2618.498291
2618.763916
2616.645508
2619.234131
2619.171631
2617.329102
2617.000000
2618.642822
2616.563965
2618.432373
2618.185059
2619.633301
2619.185547
2617.375000
2617.815918
2619.646973
2619.162354
2617.306396
2617.000000
2619.519043
2618.372559
2618.774902
2617.544922
2616.318359
2616.647705
2618.269531
2619.639648
2618.698975
2618.000000
2617.350830
2615.725342
2615.627197
2617.242432
2618.615967
2617.777832
2617.608887
2619.218506
2618.777344
2618.614502
2618.377930
2619.270264
2618.700928
2619.331299
2619.314941
2617.596924
2617.706299
2617.297607
2618.397705
2617.593750
2619.142090
2619.267822
2618.248291
2618.767334
2618.216309
2616.413330
2617.586670
2619.574463
2620.000000
2617.685059
2618.526855
2619.000000
2619.773193
2619.212891
2618.200439
2619.621338
2620.000000
2619.162109
2620.699951
2618.425781
2618.000000
2619.744141
2613.870605
2619.158936
2620.000000
2619.118408
2618.120117
2621.479736
2621.137451
2617.561279
2618.712158
2619.000000
2618.163086
2618.000000
2618.828125
2618.167725
2619.677490
2620.000000
2619.149902
2618.151123
2619.691406
2618.320557
2618.820801
2618.199463
2620.348633
2620.228027
2620.000000
2618.468262
2619.527344
2619.236084
2619.000000
2619.000000
2619.000000
2617.515137
2619.886719
2618.885742
2619.392334
2619.309326
2619.682617
2619.325928
2620.339355
2618.990967
2618.000000
2620.020264
2621.000000
2619.629395
2619.696533
2619.291748
2619.000000
2618.269775
2620.198975
2618.043945
2620.739014
2619.747314
2619.000000
2619.000000
2620.398926
2619.648438
2619.656982
2619.357666
2618.366211
2618.630859
2620.902588
2622.000000
2620.718506
2619.360107
2620.282471
2621.000000
2619.076904
2618.000000
2619.309082
2618.007080
2619.010742
2619.328613
2620.345215
2618.297852
2620.394775
2621.325684
2619.666748
2619.657715
2620.000000
2619.367920
2619.615723
2618.801758
2618.582764
2619.563232
2618.918701
2619.040039
2618.992432
2617.032227
2617.380371
2619.438721
2620.000000
2619.161133
2619.264893
2620.575684
2620.858154
2621.125732
2620.899170
2620.606445
2619.000000
2618.020020
2618.505859
2620.000000
2620.516357
2619.957520
2620.052246
2619.953369
2619.000000
2619.000000
2617.529297
2616.487549
2617.962402
2618.524170
2618.000000
2618.960205
2618.053223
2617.471191
2618.508057
2617.508545
2618.468506
2620.971191
2620.562500
2619.939941
2621.000000
2621.000000
2621.000000
2619.765137
2618.000000
2618.806885
2619.214844
2618.766357
2619.624756
2618.270752
2618.061279
2620.342285
2621.000000
2620.040039
2618.608154
2619.146240
2618.078613
2619.708984
2617.240967
2620.509521
2619.254150
2619.725830
2618.707275
2618.302979
2618.684814
2618.000000
2618.670166
2620.000000
2619.658936
2619.683594
2621.000000
2620.358643
2619.305420
2620.000000
2619.695801
2619.000000
2618.376221
2617.625000
2619.000000
2619.947021
2621.684326
2619.418945
2617.623779
2620.006592
2618.338135
2619.000000
2619.371094
2618.438232
2616.818848
2618.000000
2618.934082
2619.000977
2619.580566
2621.000000
2620.461426
2618.920654
2618.000000
2619.126465
2619.420166
2619.000000
2619.599365
2619.395020
2619.619873
2620.000000
2620.673096
2618.219238
2621.292969
2620.065186
2619.744873
2618.512939
2621.689453
2620.811035
2620.000000
2620.737061
2618.745605
2618.000000
2620.353760
2618.623047
2618.804688
2619.824463
2619.155518
2617.282715
2617.859619
2619.704346
2619.156006
2618.166748
2616.360596
2617.622803
2621.252930
2621.176025
2620.156494
2619.131348
2620.781250
2619.171631
2619.000000
2620.928223
2621.000000
2618.002930
2618.994385
2618.007080
2620.000000
2620.000000
2620.000000
2620.000000
2618.039551
2621.949219
2619.920898
2618.000000
2618.000000
2618.000000
2618.033203
2619.099854
2621.927246
2620.034424
2620.976074
2619.992676
2619.012451
2619.977295
2620.976318
2621.000000
2619.027588
2619.000000
2618.002686
2620.992432
2618.017090
2617.011719
2619.984619
2618.022461
2620.981934
2619.971436
2619.066895
2621.031250
2621.958496
2620.049072
2622.894531
2619.000000
2618.885986
2617.359619
2622.827148
2620.143799
2622.767090
2617.087402
2620.036133
2622.989502
2619.061523
2617.053223
2618.926514
2618.034668
2620.921387
2620.016357
2619.004395
2618.987549
2617.969482
2617.143066
2620.969482
2619.959717
2618.034912
2619.979248
2619.000000
2619.057129
2621.000000
2620.949463
2619.854492
2617.908203
2617.220947
2619.120605
2619.881592
2619.102783
2619.749512
2617.291748
2620.865234
2618.700439
2614.247803
2617.832764
2616.345215
2618.585693
2616.482422
2619.187012
2620.000000
2620.000000
2619.428711
2618.319580
2619.356445
2620.389404
2621.000000
2620.093262
2619.000000
2620.045410
2618.293457
2617.102539
2618.000000
2618.000000
2618.000000
2618.000000
2618.000000
2616.746826
2616.647217
2618.333496
2617.623535
2618.415527
2619.000000
2618.273926
2618.000000
2618.736816
2619.743652
2617.744385
2619.299561
2620.000000
2618.360352
2618.000000
2618.883545
2617.192383
2620.694336
2621.000000
2618.178467
2619.891357
2619.044189
2618.041260
2618.952881
2619.947754
2616.198486
2616.957764
2619.925293
2620.000000
2620.980957
2620.000000
2619.886230
2618.070068
2619.000000
2618.890137
2618.406006
2620.203125
2616.892578
2620.215088
2616.583984
2615.845459
2618.158447
2614.563965
2614.420654
2619.000000
2619.278076
2619.415039
2617.399170
2617.528320
2620.068604
2617.683350
2617.642334
2619.000000
2619.334229
2618.970703
2618.064697
2618.524658
2616.767334
2618.000000
2618.000000
2617.086182
2616.974365
2618.509521
2617.954834
2618.055908
2619.528809
2618.944824
2618.523438
2618.477783
2617.474365
2616.469971
2617.065186
2618.000000
2618.000000
2616.998779
2617.937988
2619.056641
2618.463379
2619.455078
2618.670898
2617.850830
2619.403076
2620.000000
2620.353760
2620.344727
2619.611084
2620.415039
2619.286133
2619.719482
2619.000000
2619.282959
2619.126709
2617.910889
2619.685059
2618.678467
2618.000000
2617.679688
2617.312744
2618.000000
2618.292969
2618.714111
2618.834229
2619.879150
2617.878662
2619.692383
2619.626709
2620.385010
2617.808350
2616.141846
2618.735596
2617.754639
2617.460938
2619.221436
2620.000000
2619.603271
2618.000000
2618.162598
2618.562012
2616.388672
2619.000000
2619.115723
2619.883057
2618.765625
2617.000000
2617.115234
2618.248047
2620.132568
2620.604004
2618.254639
2619.538086
2616.000000
2616.067627
2617.000000
2617.043213
2618.045898
2619.057129
2619.924561
2619.096436
2620.114502
2620.484131
2616.861816
2616.708496
2620.858398
2619.433105
2616.705322
2620.857666
2619.689453
2618.343994
2619.807129
2618.783691
2618.000000
2618.241699
2618.527588
2617.455566
2618.784912
2618.193848
2619.000000
2619.143799
2620.000000
2620.116455
2620.891113
2620.211426
2621.799072
2619.734375
2616.927979
2616.048340
2617.044434
2619.002686
2619.983887
2621.929932
2619.141846
2619.000000
2617.129150
2615.150146
2618.679199
2617.150635
2618.867188
2615.236816
2616.886230
2618.868652
2617.152832
2616.085938
2616.000000
2617.834961
2621.708496
2622.936035
2622.063232
2622.000000
2619.172363
2620.899658
2621.000000
2621.970459
2622.985107
