Record Length: 1024
BoardID: 31
Channel: 11
Event Number: 179
Pattern: 0x0000
Trigger Time Stamp: 665884374
DC offset (DAC): 0x7FFF
Start Index Cell: 713
2647.000000
2647.000000
2646.033936
2650.793945
2647.179932
2647.951660
2646.110107
2647.864258
2647.082520
2647.000000
2647.912842
2648.000000
2645.149902
2647.897461
2648.000000
2646.000000
2645.983887
2645.021729
2646.000000
2646.194092
2649.736328
2645.918457
2645.090332
2646.187012
2648.092773
2649.000000
2648.792969
2646.883301
2646.263184
2648.293457
2649.834961
2649.000000
2648.445313
2646.553711
2648.639893
2647.000000
2647.374512
2649.000000
2649.000000
2648.206299
2645.376953
2647.000000
2647.339844
2647.979004
2643.725342
2647.000000
2647.217285
2648.000000
2648.000000
2647.734131
2647.542236
2648.438232
2647.000000
2647.662109
2648.641846
2648.000000
2648.762451
2648.846191
2646.609863
2646.802002
2647.583252
2647.433105
2647.549316
2647.466064
2647.523438
2645.542236
2645.989746
2646.472656
2646.549805
2645.920654
2645.036377
2646.506104
2646.514648
2646.464355
2646.546631
2647.825684
2648.142334
2646.945557
2647.032227
2646.998291
2648.000000
2648.000000
2647.461182
2647.542236
2646.916504
2646.000000
2646.521729
2647.513428
2645.946289
2645.030273
2644.969727
2646.592773
2648.474609
2646.426025
2645.507324
2646.000000
2646.000000
2647.338379
2648.134277
2647.000000
2646.581787
2647.260254
2649.000000
2647.727295
2646.423096
2647.000000
2646.586914
2647.199951
2647.848633
2646.371094
2646.638916
2647.050049
2647.636719
2646.028809
2648.000000
2646.888916
2645.376709
2646.748535
2647.637207
2645.973633
2645.885010
2649.142334
2647.262451
2648.492432
2649.299072
2647.000000
2647.207764
2647.800293
2646.605469
2645.795898
2649.411377
2650.137695
2647.000000
2647.669189
2649.359131
2647.000000
2647.000000
2646.802734
2645.616211
2644.563965
2647.181396
2648.000000
2647.498779
2645.000000
2645.155518
2646.000000
2646.487061
2648.661377
2647.173828
2648.173340
2649.000000
2648.839111
2648.314941
2649.357178
2646.329346
2648.000000
2647.669434
2646.658936
2649.499756
2647.000000
2647.000000
2646.394531
2643.515625
2647.313965
2649.653564
2645.923584
2644.935547
2644.051270
2644.912598
2643.079590
2645.000000
2645.041992
2646.043213
2647.044678
2647.904541
2646.000000
2646.059570
2647.120850
2648.879883
2646.933594
2646.000000
2646.376221
2649.000000
2648.777832
2647.743652
2647.551758
2648.426025
2647.000000
2647.291504
2647.713867
2646.724609
2646.259766
2646.756592
2646.679688
2648.364502
2646.404785
2647.400146
2645.204346
2646.418213
2647.582764
2646.411621
2648.198242
2648.814209
2647.302979
2644.340088
2646.000000
2646.000000
2646.191895
2647.200684
2647.565918
2646.000000
2646.264404
2648.144775
2650.087402
2647.355469
2646.000000
2646.354736
2646.262695
2645.774658
2647.000000
2646.153320
2645.000000
2645.450195
2647.394775
2647.081299
2645.993896
2647.518799
2648.543945
2647.875244
2647.000000
2647.572021
2647.427490
2646.425537
2647.151611
2647.427246
2645.863281
2645.569824
2647.154053
2647.413330
2646.403320
2646.603516
2647.000000
2645.159180
2644.000000
2646.482422
2648.000000
2648.000000
2646.169189
2645.000000
2646.263428
2645.042480
2644.676758
2647.105469
2648.000000
2648.775391
2648.187988
2648.000000
2648.844971
2647.291260
2649.601318
2648.236328
2649.797363
2648.184082
2648.000000
2646.174072
2650.594238
2645.449463
2647.778809
2644.317383
2644.000000
2644.000000
2645.805420
2645.104004
2647.659912
2646.254883
2646.000000
2646.872559
2645.227051
2647.690918
2649.797119
2650.000000
2647.292480
2647.910889
2646.161621
2647.844482
2647.072266
2645.145752
2647.769775
2646.139160
2646.942383
2646.051514
2646.946777
2644.177246
2644.935303
2646.845947
2646.100342
2646.000000
2646.000000
2644.397705
2646.333740
2644.727783
2644.736084
2646.435791
2647.707031
2647.298340
2649.112793
2648.572998
2650.160400
2648.127197
2647.715332
2649.436035
2650.000000
2647.807861
2647.737549
2647.253906
2647.758545
2647.229492
2646.216553
2645.211670
2645.784912
2646.000000
2646.000000
2647.580811
2645.627930
2647.365479
2648.778564
2649.000000
2649.741455
2648.555420
2649.397217
2648.661865
2649.279541
2647.551270
2648.354492
2649.427246
2648.436523
2647.441162
2648.118652
2649.570557
2648.228027
2646.391602
2648.474121
2650.000000
2647.489502
2646.632813
2646.359619
2648.604004
2646.037842
2646.657227
2648.661377
2645.077637
2644.297363
2646.949951
2648.653320
2648.342529
2646.019531
2648.303223
2649.345947
2647.727783
2647.000000
2647.590576
2648.000000
2647.444336
2649.139160
2648.963867
2646.522705
2646.000000
2646.000000
2645.580322
2646.278564
2647.566406
2647.434326
2647.569824
2647.000000
2646.167236
2645.814941
2647.396973
2647.612305
2647.000000
2647.000000
2647.705566
2648.004639
2646.629883
2647.385498
2646.000000
2646.000000
2646.664307
2647.666748
2647.654297
2648.675049
2648.325439
2648.676025
2647.359863
2646.931152
2648.108154
2647.140137
2649.729980
2647.247803
2643.854980
2649.325195
2647.000000
2647.000000
2646.547607
2645.000000
2645.598633
2648.187256
2649.000000
2648.816162
2647.817627
2647.525391
2649.671875
2648.000000
2647.853760
2647.138916
2648.130615
2649.000000
2648.771973
2646.773682
2645.426758
2648.903320
2647.824463
2646.332275
2649.825928
2648.000000
2648.079346
2649.000000
2649.095947
2651.991455
2649.126465
2649.000000
2650.786865
2647.562988
2646.182129
2648.353760
2645.181641
2647.732422
2649.000000
2648.291260
2648.693604
2646.978271
2645.344971
2648.183350
2647.525879
2647.213623
2646.186279
2646.211182
2648.822266
2648.773926
2645.538330
2645.822998
2647.000000
2649.416992
2648.569336
2647.604004
2648.591553
2649.000000
2647.863281
2646.440918
2647.662109
2647.907471
2647.530273
2646.969727
2648.004150
2650.000000
2649.093506
2647.571777
2647.000000
2645.483643
2645.538574
2648.932129
2648.057129
2648.958252
2645.968018
2644.344238
2646.714844
2649.327881
2648.659180
2649.023193
2647.641113
2648.684570
2647.082520
2646.171387
2648.713867
2647.714355
2646.139893
2644.858398
2647.290039
2648.300049
2648.384766
2647.306152
2648.000000
2647.402588
2646.296631
2647.596680
2648.389160
2647.000000
2646.676758
2646.000000
2647.015381
2648.649902
2647.634766
2647.752441
2648.625000
2648.000000
2646.559814
2645.401611
2648.000000
2648.000000
2648.000000
2648.556152
2649.219238
2647.000000
2646.548584
2645.407471
2646.645508
2645.302490
2647.507813
2650.567871
2647.000000
2646.928467
2646.109375
2648.000000
2647.899170
2646.052734
2646.939697
2646.077393
2647.000000
2646.861084
2646.512939
2648.596436
2646.773682
2646.974854
2650.000000
2649.178223
2647.286865
2648.588623
2648.529785
2645.566895
2647.812988
2649.474609
2647.481201
2645.480225
2644.795166
2647.818359
2650.000000
2649.457031
2647.478271
2646.249512
2647.952148
2651.000000
2650.549805
2647.883057
2644.214844
2645.813965
2648.223633
2645.379395
2647.790527
2650.791260
2649.569336
2647.344482
2645.884277
2648.777832
2647.567627
2646.835693
2649.795898
2649.000000
2648.236328
2645.362549
2646.827881
2646.000000
2646.000000
2646.476074
2648.489258
2646.369629
2648.195801
2648.603271
2647.195068
2647.802979
2646.795654
2646.425537
2648.650635
2650.118164
2647.000000
2647.000000
2647.917725
2650.067871
2645.811768
2643.446045
2648.245117
2648.504639
2647.000000
2647.236084
2648.000000
2648.225830
2647.817383
2645.017334
2647.459473
2647.137939
2649.402588
2647.379150
2645.362305
2644.643066
2646.633057
2647.384521
2646.591309
2648.838867
2650.201416
2648.000000
2647.771484
2647.416016
2648.805420
2648.563965
2650.261230
2647.348877
2648.517822
2646.447510
2648.728516
2647.000000
2646.806396
2645.234131
2647.879395
2645.949951
2645.046875
2646.301514
2651.629150
2645.000000
2644.942627
2644.322266
2647.420410
2643.771973
2648.375977
2648.951416
2645.887207
2648.772705
2647.772949
2648.125977
2650.643066
2646.904785
2649.551758
2648.449951
2649.314453
2647.458496
2649.000000
2648.514648
2647.792969
2649.411621
2647.683105
2647.000000
2647.000000
2647.314941
2647.690674
2647.309814
2647.371094
2646.320801
2646.351807
2646.297363
2649.325928
2649.341797
2647.341797
2646.984375
2647.677490
2647.013184
2650.661133
2649.664307
2648.353516
2647.000000
2647.600830
2649.000000
2648.701416
2648.591309
2649.134521
2647.565186
2647.895020
2645.000000
2645.520020
2646.744873
2646.508545
2647.737549
2647.278076
2648.000000
2647.704834
2646.704590
2646.000000
2646.588623
2648.000000
2647.418213
2647.395508
2649.950928
2647.244385
2647.540283
2646.647949
2648.798828
2647.610596
2646.404297
2647.783936
2647.229980
2648.000000
2648.000000
2648.000000
2648.229492
2648.316162
2646.460938
2648.465088
2649.767822
2647.837646
2645.616455
2649.379395
2644.473633
2646.243164
2647.249756
2647.739990
2646.190674
2645.327881
2649.000000
2648.538086
2647.000000
2646.587402
2645.395752
2647.195557
2647.801270
2647.201904
2648.201416
2648.801270
2648.194824
2648.604492
2647.000000
2646.784424
2646.000000
2646.227539
2647.000000
2647.244141
2647.489746
2647.114258
2648.770264
2646.661621
2647.652832
2647.359375
2648.000000
2647.639893
2647.695801
2648.669189
2647.685547
2647.605469
2649.000000
2648.721436
2648.529785
2649.482910
2647.481445
2646.790527
2648.472656
2648.033936
2650.267334
2648.000000
2648.186035
2648.845215
2648.000000
2647.780273
2646.298096
2649.181885
2650.747070
2647.914551
2647.000000
2647.154541
2648.855225
2647.065918
2648.056152
2648.961670
2648.000000
2648.000000
2648.966797
2648.035889
2648.000000
2647.019043
2649.973633
2651.990479
2646.055420
2647.962646
2647.029053
2647.000000
2647.940918
2647.078857
2646.093994
2647.790527
2649.767822
2647.389893
2646.144775
2650.232666
2647.630127
2645.332275
2647.450195
2647.207275
2647.000000
2648.493164
2648.277344
2648.000000
2646.598877
2648.100098
2648.299316
2647.291504
2647.723145
2648.736816
2646.762939
2647.501465
2648.000000
2646.481445
2647.524414
2645.727051
2645.000000
2645.734863
2647.456543
2646.550049
2646.732666
2646.244385
2647.559082
2644.824219
2645.608887
2648.456055
2644.828369
2646.537109
2647.849609
2647.148193
2646.145020
2647.709229
2648.000000
2648.000000
2645.431152
2648.433350
2645.579346
2646.698975
2645.318848
2645.826172
2647.610352
2648.000000
2647.235352
2646.249023
2645.266357
2645.000000
2647.044434
2648.000000
2646.722656
2645.376465
2647.425537
2648.413574
2646.297852
2648.318115
2647.161621
2644.553467
2646.127197
2645.851807
2647.344238
2649.000000
2647.187012
2646.000000
2645.382813
2646.252930
2648.271729
2646.419189
2648.262207
2646.726807
2645.000000
2647.010742
2645.243164
2646.124512
2647.722168
2649.457764
2646.354004
2647.182861
2647.269287
2645.524902
2645.741699
2648.237549
2647.489258
2644.729736
2644.754639
2646.519043
2646.225586
2646.000000
2646.828613
2646.143799
2645.125732
2645.884766
2645.108643
2648.600830
2645.335693
2648.723877
2646.167969
2644.092773
2648.806396
2648.029785
2648.000000
2647.009033
2648.999268
2648.000000
2648.000000
2647.992676
2647.017334
2647.951904
2647.082520
2647.887695
2647.134521
2648.708008
2647.292480
2645.281982
2647.594727
2648.874756
2646.351318
2646.000000
2649.475830
2649.144043
2648.158936
2647.175781
2647.804932
2648.000000
2647.224854
2649.302246
2648.465820
2648.000000
2647.210449
2647.806885
2648.000000
2648.000000
2648.000000
2648.804932
2649.796631
2646.840576
2648.389648
2648.183594
2648.839355
2647.286621
2647.000000
2649.645752
2645.514160
2645.912354
2646.930420
2646.054443
2644.074463
2646.937500
2647.000000
2646.008545
2647.989990
2648.000000
2647.993896
2647.026611
2649.970215
2648.031006
2649.977295
2647.015137
2646.009766
2646.000000
2647.989502
2647.049072
2648.923828
2647.050781
2647.932129
2647.000000
2646.810791
2645.097900
2646.000000
2646.000000
2646.000000
2646.351318
2647.610107
2645.787842
2645.684814
2648.000000
2647.745117
2647.265869
2646.892334
2644.568604
2646.290039
2647.600830
2648.368164
2647.332520
2648.696045
2649.254395
2648.000000
2648.000000
2647.528809
2647.483887
2647.505371
2648.012939
2646.926514
2646.062988
2646.448242
2648.324219
2648.167236
2648.913574
2650.000000
2647.916992
2648.445801
2647.491699
2649.353271
2650.812988
2648.496338
2650.528564
2645.924561
2646.708008
2646.136475
2643.386963
2645.637939
2646.000000
2648.726074
2646.216797
2646.943359
2645.083252
2645.000000
2646.006104
2647.026367
2647.917480
2646.048584
2646.899170
2645.156006
2647.892578
2646.000000
2646.231201
2649.892334
2648.163086
2651.887451
2649.040771
2650.000000
2650.037598
2651.000000
2651.000000
2651.000000
