Record Length: 1024
BoardID: 31
Channel: 3
Event Number: 179
Pattern: 0x0000
Trigger Time Stamp: 665884374
DC offset (DAC): 0x7FFF
Start Index Cell: 715
2663.000000
2662.987793
2661.000000
2661.000000
2660.039551
2659.062256
2662.696045
2661.172607
2661.000000
2661.000000
2664.361084
2660.098389
2658.197998
2659.587891
2661.579590
2660.422119
2659.208496
2662.966309
2659.216309
2658.802979
2660.613770
2659.381348
2660.628906
2658.528564
2658.000000
2661.395996
2660.286621
2663.475098
2660.438477
2658.163330
2660.836426
2660.031006
2660.000000
2660.000000
2660.996826
2659.019043
2657.037109
2658.947021
2659.000000
2660.896240
2658.173340
2658.946289
2659.964844
2660.000000
2661.958740
2655.063721
2658.000000
2658.039063
2659.133057
2661.854248
2659.000000
2659.055664
2660.000000
2660.138672
2661.683350
2658.352295
2661.627441
2658.526855
2663.838867
2661.781982
2658.880371
2657.201172
2661.953125
2659.027588
2658.029785
2660.851563
2657.252686
2658.839600
2660.792236
2657.515625
2661.234863
2658.698242
2658.000000
2658.785400
2657.465576
2660.765381
2659.020752
2660.231201
2662.492432
2659.987061
2661.292969
2660.447510
2660.000000
2660.000000
2659.187988
2660.653564
2661.000000
2660.145996
2659.142822
2659.849121
2661.675781
2660.343262
2658.379150
2658.790771
2659.000000
2657.470703
2657.000000
2659.229248
2658.535400
2658.000000
2658.000000
2658.668701
2659.000000
2659.000000
2660.196045
2660.427734
2661.103760
2662.000000
2663.109619
2661.701660
2660.596680
2659.144043
2658.000000
2658.000000
2660.028564
2658.250000
2659.073730
2660.000000
2661.389648
2660.606445
2659.307129
2658.312500
2658.680420
2659.672607
2660.000000
2659.326416
2661.030518
2662.000000
2661.335449
2659.689209
2659.000000
2660.307373
2661.000000
2661.675781
2660.614014
2657.857666
2659.208984
2659.244873
2659.000000
2659.791504
2657.560059
2657.837158
2658.863770
2659.000000
2659.000000
2659.000000
2659.883545
2658.239990
2660.647705
2658.345703
2659.769287
2660.000000
2660.879395
2660.123047
2660.866699
2662.712402
2659.611816
2661.522217
2659.487549
2659.830566
2659.180664
2659.000000
2658.217285
2660.306641
2659.486816
2659.000000
2661.208984
2659.843994
2658.302734
2658.680420
2659.664063
2660.645020
2658.502930
2657.606201
2659.767578
2659.854736
2659.558594
2659.453369
2660.076660
2660.460449
2661.100098
2660.314209
2659.000000
2661.331299
2659.468994
2658.784668
2661.210449
2658.290771
2658.509766
2660.000000
2658.727539
2658.642334
2659.646729
2659.351807
2657.699219
2659.604736
2662.300781
2658.447021
2659.234131
2660.359131
2660.640625
2658.415771
2658.974365
2660.678711
2659.595459
2661.159424
2661.272949
2660.271729
2660.000000
2657.808838
2658.462402
2660.465088
2661.000000
2660.252930
2658.489014
2657.233398
2660.121094
2659.420898
2659.791992
2657.627686
2660.148926
2659.430420
2659.778809
2660.766846
2657.955322
2659.306885
2661.575928
2661.185547
2658.475830
2660.577148
2659.258789
2659.878662
2661.767578
2659.317871
2661.725342
2661.083984
2661.000000
2661.927002
2660.130615
2660.000000
2658.110107
2659.892090
2660.947754
2660.044922
2660.000000
2660.000000
2658.153564
2658.000000
2659.783936
2661.768311
2660.235840
2660.885010
2659.231689
2659.000000
2659.000000
2659.000000
2659.870850
2659.118896
2660.784668
2661.000000
2658.321777
2663.339844
2661.370850
2661.854004
2661.166748
2659.375488
2660.585205
2660.221436
2659.230957
2659.000000
2659.000000
2659.000000
2659.000000
2659.753418
2659.255859
2659.000000
2659.719971
2659.298828
2661.048828
2661.326904
2661.665771
2660.026611
2659.655518
2660.666260
2660.312012
2660.708496
2661.000000
2661.712891
2662.000000
2660.646240
2658.708008
2660.453613
2660.830322
2660.558838
2661.532471
2658.960205
2658.425049
2659.601807
2657.555176
2657.000000
2658.680176
2661.421875
2660.310059
2658.827881
2660.401855
2659.802246
2658.406494
2659.832031
2660.140869
2660.339844
2662.461670
2663.000000
2662.029541
2661.000000
2661.503906
2662.000000
2660.932373
2660.000000
2658.303711
2659.322998
2659.228027
2659.187256
2660.000000
2661.215332
2660.137939
2660.258545
2659.730957
2661.566162
2661.054688
2660.000000
2661.957520
2661.708252
2661.638184
2662.632080
2662.376709
2662.000000
2661.414551
2659.861328
2660.667480
2662.541016
2662.473145
2662.000000
2661.004639
2660.000000
2660.000000
2659.564941
2659.409668
2660.379639
2659.597656
2658.315186
2661.000000
2661.000000
2660.707275
2660.283203
2660.718506
2660.000000
2659.694824
2659.919678
2661.104980
2660.140625
2662.736572
2661.533936
2660.000000
2660.300293
2662.000000
2661.720215
2658.074463
2660.009766
2660.986572
2661.000000
2659.110107
2659.000000
2660.852539
2659.168213
2658.108643
2661.419922
2661.175537
2661.798096
2660.446289
2660.763184
2659.474365
2659.775146
2658.409180
2660.453369
2660.167236
2661.685547
2661.151611
2661.852295
2663.708740
2660.593018
2661.685547
2662.000000
2662.000000
2660.350586
2660.828857
2661.000000
2661.842773
2662.000000
2662.000000
2662.858154
2662.150146
2661.166016
2662.640625
2662.185547
2662.000000
2661.181641
2660.173584
2658.328613
2661.365479
2662.000000
2661.137939
2660.128174
2662.623535
2661.251465
2664.484131
2663.272461
2663.000000
2658.776123
2661.354492
2662.000000
2661.145264
2660.131592
2663.523438
2661.335938
2663.687744
2662.202637
2660.204346
2662.682617
2659.439697
2662.514893
2660.409912
2660.000000
2661.668701
2662.819336
2663.000000
2659.756836
2661.425049
2662.000000
2661.208252
2661.776367
2662.758057
2660.761475
2662.233887
2660.747559
2661.527832
2662.000000
2661.191406
2661.828369
2662.000000
2659.504150
2659.821533
2663.248047
2661.567627
2660.185059
2663.266846
2662.371338
2660.375000
2660.000000
2662.470215
2661.324951
2660.153320
2658.299805
2663.038086
2660.744873
2660.000000
2660.727539
2661.681641
2659.409424
2659.904297
2661.000000
2661.650391
2662.655762
2660.403320
2657.725342
2661.389648
2662.757568
2661.384033
2661.611084
2660.781982
2661.218506
2662.000000
2663.229248
2660.890137
2660.905518
2662.649414
2660.337646
2659.685059
2660.000000
2662.119141
2661.595215
2659.602295
2660.406250
2661.000000
2661.000000
2661.000000
2659.465332
2659.783691
2661.586670
2658.826416
2660.361816
2661.000000
2660.228271
2660.763428
2664.052490
2662.680176
2662.000000
2660.400635
2659.189209
2661.471924
2662.837891
2662.150146
2662.858154
2660.395508
2660.872070
2659.248779
2660.759766
2659.237549
2659.000000
2659.879883
2661.739746
2660.274658
2662.579102
2663.000000
2659.614502
2661.510498
2660.341064
2660.000000
2660.000000
2660.838623
2659.314697
2660.700195
2661.848877
2662.845703
2661.320557
2661.000000
2659.398926
2659.782959
2660.771973
2660.232666
2661.531738
2662.000000
2661.236084
2660.230957
2660.000000
2660.759766
2661.742432
2661.278320
2661.704834
2659.911621
2662.453857
2662.635010
2660.651855
2662.009033
2660.990967
2660.672363
2661.000000
2661.677246
2661.314697
2662.392822
2662.291748
2662.000000
2661.269775
2661.732910
2660.521973
2662.243408
2660.747314
2661.489990
2660.545898
2661.398926
2662.000000
2660.686035
2661.284912
2662.633789
2662.369141
2661.365723
2661.000000
2660.359375
2661.919922
2663.000000
2663.642822
2660.794922
2661.577393
2663.000000
2660.342773
2660.340332
2659.657227
2660.345215
2661.000000
2662.357910
2662.325684
2660.666748
2661.973145
2662.354248
2660.104004
2659.000000
2658.400879
2659.748047
2661.000000
2661.540527
2661.479980
2661.000000
2660.032227
2659.920166
2661.438721
2662.000000
2662.000000
2662.843262
2662.727295
2661.858154
2663.437256
2663.100830
2661.535400
2660.522461
2660.000000
2661.505859
2661.978760
2661.000000
2661.521240
2660.947754
2661.046631
2660.470215
2660.489014
2662.000000
2660.050293
2659.443604
2660.524170
2659.048828
2659.440430
2661.000000
2661.000000
2661.983887
2662.016846
2661.979004
2662.028809
2661.479248
2662.469971
2662.084961
2661.000000
2661.000000
2661.000000
2661.408936
2662.403320
2662.607422
2662.000000
2661.624756
2661.729248
2661.585205
2660.368652
2662.668701
2661.679932
2661.303955
2661.146240
2659.000000
2658.741699
2659.240967
2663.000000
2663.000000
2662.451416
2661.292725
2662.000000
2661.684814
2661.000000
2661.000000
2662.013184
2662.977051
2661.000000
2662.002686
2663.038086
2661.305420
2662.298828
2662.695801
2662.309814
2662.064209
2660.312500
2660.686523
2661.262695
2662.737549
2660.316162
2660.675293
2660.331055
2661.338135
2662.000000
2662.371094
2662.219238
2661.000000
2661.000000
2661.467041
2660.501465
2661.107422
2663.000000
2661.923096
2661.000000
2661.547852
2663.126465
2662.260254
2662.182129
2661.801514
2661.000000
2661.000000
2662.292969
2663.673096
2662.609619
2662.715576
2662.266357
2662.744873
2661.512939
2662.475830
2663.000000
2663.000000
2662.262939
2662.000000
2660.460938
2661.569336
2660.415283
2661.609375
2660.351074
2658.311279
2661.434570
2662.859619
2660.443604
2662.531738
2661.333740
2661.000000
2662.622803
2662.186768
2662.823975
2660.469238
2663.474121
2660.437500
2660.000000
2660.941406
2661.964111
2665.938232
2661.009033
2663.994385
2662.989258
2660.000977
2660.996826
2664.987061
2662.000488
2661.029785
2663.974609
2663.000000
2662.957520
2662.000000
2662.000000
2662.099854
2664.900146
2662.000000
2662.069092
2663.904541
2660.014648
2661.975098
2662.977295
2661.047363
2661.000000
2663.958740
2662.008301
2660.000977
2661.002441
2661.994385
2662.988281
2663.000000
2662.007568
2663.000000
2663.000000
2663.000000
2663.000000
2663.020752
2663.967285
2662.026367
2663.000000
2662.943115
2661.880127
2660.057617
2661.143799
2663.844727
2660.058105
2662.011963
2662.996582
2662.015381
2660.053223
2660.963379
2659.069336
2661.921387
2659.048828
2662.982666
2660.049805
2663.938965
2662.035645
2663.000000
2663.020020
2664.000000
2664.041748
2665.894775
2662.028564
2663.000000
2662.949463
2661.854492
2660.275391
2662.889404
2662.361572
2664.408447
2660.102783
2661.166992
2662.854004
2661.067383
2661.700439
2657.185791
2660.000000
2660.229980
2661.723877
2660.482422
2662.438721
2660.218018
2661.251465
2661.428711
2660.000000
2660.712646
2662.389404
2663.419434
2663.546631
2661.525391
2661.045410
2659.834961
2658.551270
2660.120361
2661.000000
2661.000000
2662.177246
2661.185547
2663.133301
2661.116211
2661.666992
2663.688232
2661.168945
2660.719238
2661.726074
2660.537598
2660.000000
2660.000000
2661.503662
2662.766602
2663.000000
2661.360352
2660.145996
2659.116455
2660.807617
2660.076416
2660.934814
2661.940430
2662.000000
2662.000000
2660.082520
2660.952881
2661.947754
2660.099365
2661.915771
2661.024902
2662.995117
2664.866455
2658.151123
2661.715332
2657.140137
2658.819824
2656.890137
2656.812256
2661.203125
2657.535645
2659.607422
2657.583984
2657.056885
2660.789551
2659.563965
2658.710449
2660.484131
2659.000000
2659.877686
2661.098877
2659.305664
2659.689453
2659.633545
2660.678711
2660.000000
2660.334229
2661.343018
2661.645020
2660.262451
2660.918213
2661.989014
2659.000000
2659.000000
2660.461426
2661.490479
2660.477539
2660.000000
2660.528809
2659.944824
2660.047119
2659.955811
2660.051270
2659.409668
2659.597656
2662.055176
2660.420654
2659.001221
2660.968994
2660.584717
2659.463379
2661.365479
2662.114014
2661.000000
2661.403076
2661.240967
2660.000000
2660.327637
2661.000000
2661.000000
2661.572510
2663.280518
2663.162109
2660.434326
2659.582275
2661.607178
2662.370361
2660.678467
2659.676025
2660.281738
2662.374756
2661.000000
2660.707031
2659.142334
2658.112305
2661.000000
2659.828369
2657.614990
2659.000000
2660.537354
2662.510498
2659.570801
2661.264404
2662.000000
2661.539063
2660.443115
2662.000000
2662.000000
2661.455566
2659.325439
2661.000000
2660.740723
2659.000000
2659.115723
2660.116943
2660.648438
2658.114502
2659.460938
2662.379883
2658.530518
2662.263916
2663.617920
2661.000000
2661.000000
2660.932373
2659.949707
2659.043213
2660.000000
2660.057129
2661.075439
2661.903564
2661.229004
2662.484131
2659.138184
2660.141602
2661.283203
2662.716553
2661.423340
2663.430908
2660.155273
2660.656006
2659.000000
2660.081055
2663.060547
2660.483154
2661.763672
2661.227783
2662.430176
2663.418457
2660.832031
2660.431152
2663.000000
2662.767090
2660.782227
2659.423096
2662.698730
2660.000000
2659.927979
2659.096680
2660.977783
2660.013672
2664.918945
2663.070068
2662.047363
2661.053955
2661.000000
2659.150146
2662.679199
2659.301025
2658.066406
2658.940918
2661.829102
2659.197266
2662.694580
2658.429932
2661.654053
2661.082520
2664.708496
2664.063965
2664.000000
2663.062744
2664.885010
2663.100342
2661.085449
2663.911377
2663.014893
