Record Length: 1024
BoardID: 31
Channel: 4
Event Number: 179
Pattern: 0x0000
Trigger Time Stamp: 665884374
DC offset (DAC): 0x7FFF
Start Index Cell: 715
2633.000000
2632.993896
2632.000000
2632.000000
2633.921143
2634.000000
2634.000000
2632.172607
2631.104492
2631.000000
2633.520752
2630.732178
2631.604004
2633.587891
2632.420410
2633.577881
2632.416992
2632.000000
2632.000000
2628.787842
2628.806885
2631.427734
2632.000000
2629.528564
2631.514648
2633.697998
2634.000000
2634.000000
2634.890381
2632.244873
2633.890869
2632.062256
2632.986572
2633.000000
2632.003174
2632.000000
2631.018555
2631.000000
2636.762207
2631.311523
2631.942139
2630.107666
2633.859375
2632.024414
2631.011719
2632.936279
2630.068115
2632.000000
2631.955566
2631.194336
2634.895752
2633.111328
2634.939453
2633.930664
2633.079102
2634.088135
2634.627441
2631.351318
2634.838867
2633.000000
2632.940186
2632.120850
2634.953125
2632.027588
2633.940674
2631.148438
2631.936768
2628.320801
2630.688477
2629.257813
2634.081787
2632.523682
2629.589844
2632.141846
2631.465576
2633.259277
2633.255127
2633.743652
2636.238525
2633.233887
2634.292969
2635.000000
2635.000000
2633.403564
2633.000000
2631.346436
2632.679688
2632.145996
2630.285645
2634.245117
2634.162109
2630.686523
2630.810303
2631.790771
2630.450439
2630.000000
2630.000000
2630.743164
2631.732422
2631.286865
2632.381592
2633.668701
2633.354492
2633.000000
2631.206055
2631.144531
2633.655762
2633.363770
2633.109619
2634.000000
2633.403320
2633.000000
2631.078857
2630.659668
2631.000000
2631.687500
2632.000000
2631.308350
2633.084717
2631.212891
2630.692871
2632.375000
2628.917236
2629.690186
2633.015137
2632.652832
2632.676758
2633.674561
2634.664551
2634.344727
2632.045410
2631.000000
2632.328369
2631.648438
2633.079102
2631.857666
2633.208984
2632.489746
2629.683594
2632.957764
2632.373535
2631.162842
2631.863770
2630.233643
2631.779297
2632.000000
2630.233154
2631.760010
2632.882568
2633.000000
2633.000000
2631.237305
2631.879395
2632.876953
2634.733154
2633.287598
2635.541016
2632.637207
2634.512451
2633.338623
2632.180664
2632.000000
2631.217285
2630.231201
2631.513184
2630.506592
2632.208984
2632.281250
2633.394775
2632.638916
2633.328125
2634.645020
2633.751465
2633.000000
2633.000000
2631.281982
2631.117432
2632.000000
2632.538330
2631.920898
2631.550049
2633.123779
2633.426270
2632.417236
2633.177002
2634.000000
2632.789551
2630.763672
2631.254883
2632.000000
2630.727539
2630.000000
2630.646729
2632.944580
2632.699219
2632.000000
2632.000000
2631.349609
2632.940430
2632.718018
2632.640625
2633.645996
2631.367432
2633.393066
2631.488281
2633.598877
2635.000000
2633.543213
2633.729492
2632.539063
2631.268799
2632.465088
2632.261963
2630.505859
2630.755615
2631.000000
2631.780273
2631.210449
2631.791992
2632.000000
2630.425537
2630.784912
2632.557617
2632.233154
2630.477783
2630.769043
2631.788086
2632.000000
2631.158691
2630.140869
2633.482178
2630.485840
2630.883789
2632.788086
2634.816895
2631.335449
2633.765869
2633.072998
2633.000000
2630.175293
2631.889893
2632.946045
2633.000000
2628.224854
2631.819092
2632.942139
2631.153564
2631.904053
2631.107910
2631.000000
2631.000000
2634.540039
2633.231689
2633.874023
2633.134033
2632.134766
2632.870850
2633.000000
2634.784668
2633.210205
2630.321777
2632.669922
2633.876465
2632.291748
2634.499756
2631.751221
2631.000000
2628.664307
2631.845459
2631.474854
2630.244141
2631.504883
2631.243896
2633.260254
2633.255859
2631.529541
2632.440186
2631.597412
2633.048828
2632.653564
2632.665771
2633.000000
2634.311279
2632.334961
2632.375977
2632.291504
2632.715088
2633.712891
2632.598389
2631.323242
2631.000000
2631.613525
2632.584961
2632.441162
2632.532471
2630.973389
2630.455078
2630.601807
2630.334717
2632.000000
2631.580078
2632.687500
2634.155029
2632.585938
2632.803955
2633.600830
2633.000000
2633.832031
2634.570313
2635.339844
2636.076660
2634.050537
2632.514648
2632.986816
2633.496094
2631.965088
2632.601563
2633.450195
2631.303711
2630.580811
2632.771973
2634.593506
2633.805420
2632.392334
2632.000000
2632.000000
2632.634521
2632.358398
2633.296875
2632.041016
2632.957520
2634.000000
2634.638184
2635.000000
2634.376709
2633.393799
2633.585449
2633.430664
2634.111572
2633.376953
2631.473145
2632.026367
2633.995361
2634.521729
2634.457031
2632.389160
2631.457275
2633.102051
2630.701172
2632.328857
2633.000000
2632.694336
2632.000000
2632.283203
2633.281494
2633.415039
2632.610596
2634.306641
2633.806641
2632.425537
2634.946533
2632.232910
2633.386963
2634.549805
2632.545898
2636.790283
2633.850830
2630.000000
2630.000000
2634.813965
2632.165283
2635.731445
2632.294678
2632.916016
2631.217529
2630.145020
2631.648926
2631.201904
2631.000000
2631.000000
2634.051025
2633.449707
2632.204590
2630.364258
2631.665283
2635.370850
2634.303467
2632.295654
2633.708740
2633.148193
2631.314453
2631.833008
2634.478271
2637.473877
2633.855225
2633.000000
2633.000000
2633.000000
2633.857666
2633.141846
2632.150146
2634.501953
2633.359375
2632.185547
2632.814209
2631.363037
2632.652832
2634.671387
2631.634521
2634.403564
2631.551758
2633.615234
2634.874512
2634.125732
2634.000000
2634.863770
2633.289551
2635.534424
2633.484131
2635.525879
2635.145264
2631.526611
2631.880859
2633.776123
2633.104004
2633.898682
2634.897705
2633.211426
2633.000000
2631.242676
2633.590088
2634.000000
2634.834229
2634.180664
2634.000000
2633.189209
2630.574951
2634.814453
2632.040771
2633.328857
2631.725586
2631.000000
2634.723145
2633.747559
2635.291748
2632.860840
2632.000000
2632.828369
2633.000000
2631.336182
2631.821533
2633.624023
2633.189209
2633.000000
2634.633301
2633.371338
2633.812500
2633.184082
2633.823486
2634.837646
2633.306396
2631.299805
2634.358887
2632.558594
2632.000000
2631.272461
2631.000000
2632.295410
2633.000000
2632.360352
2632.000000
2632.655762
2631.052490
2631.912109
2633.000000
2633.000000
2632.384033
2632.000000
2632.608887
2633.609131
2635.222656
2634.770752
2633.377930
2634.270264
2632.402100
2631.000000
2631.685059
2632.701416
2631.587158
2631.702393
2632.698975
2631.593750
2632.428223
2632.267822
2630.496582
2630.000000
2631.567139
2633.586670
2631.619873
2634.148926
2632.659424
2632.771729
2630.709961
2633.052490
2633.226807
2633.787109
2632.400635
2632.810791
2633.000000
2633.837891
2632.300049
2636.290283
2633.527344
2633.872070
2633.124268
2635.639648
2633.356201
2633.000000
2631.240479
2633.609619
2634.000000
2631.420898
2634.424072
2632.460938
2632.836914
2634.658936
2634.171875
2634.000000
2632.322510
2631.157471
2633.550049
2632.302246
2632.845703
2631.320557
2634.283203
2633.398926
2633.782959
2632.456055
2632.000000
2631.234131
2632.527344
2633.000000
2632.230957
2632.770020
2633.000000
2633.000000
2634.443359
2633.590576
2633.696045
2634.000000
2634.682617
2632.977783
2633.339355
2633.330322
2634.344482
2634.326660
2634.677246
2635.000000
2635.000000
2635.000000
2633.556396
2633.000000
2634.466064
2635.000000
2635.747803
2635.249023
2634.255127
2634.000000
2635.398926
2633.972900
2632.343018
2633.284912
2632.732422
2633.261719
2632.731689
2632.639160
2631.077881
2633.839844
2633.434814
2632.642822
2634.923096
2634.066895
2633.000000
2633.664307
2631.989258
2632.342773
2634.345215
2632.973389
2634.715820
2634.651611
2632.000000
2631.000000
2630.354248
2632.527832
2634.615723
2633.801758
2633.582764
2631.747070
2632.703125
2634.479980
2632.488770
2631.967773
2633.920166
2633.684082
2633.269775
2634.580566
2633.578369
2632.151611
2631.858154
2633.437256
2633.550293
2632.535400
2632.477539
2632.510010
2633.505859
2632.957764
2632.032471
2632.478760
2632.000000
2632.000000
2631.489990
2631.496338
2632.490234
2633.000000
2632.037598
2631.475830
2631.524414
2633.400879
2634.540039
2633.490479
2633.508057
2632.016846
2631.979004
2633.971191
2635.000000
2634.530029
2634.000000
2634.000000
2633.580078
2633.000000
2633.408936
2634.000000
2633.214844
2632.000000
2632.750488
2633.635498
2634.061279
2635.315674
2633.668701
2633.320068
2634.303955
2635.284668
2635.190918
2633.258301
2633.503662
2632.245361
2633.762207
2635.177246
2633.000000
2633.908691
2634.424072
2631.654785
2633.670166
2634.662354
2633.317871
2633.025391
2633.997314
2631.358643
2630.916016
2633.000000
2633.304199
2633.690186
2633.000000
2633.312500
2633.686523
2632.368652
2631.631104
2631.735107
2629.974365
2631.668945
2631.676270
2632.647949
2631.257813
2631.561768
2633.590576
2634.305664
2635.065918
2634.499512
2632.365723
2631.616211
2634.076904
2632.841309
2632.095947
2633.563232
2631.680420
2632.364014
2634.000000
2633.395020
2633.000000
2633.646484
2634.000000
2634.000000
2634.715576
2635.000000
2635.000000
2632.025879
2631.737793
2634.918701
2633.817383
2634.474121
2632.745605
2632.769531
2632.215332
2632.792236
2632.195313
2632.824463
2633.844482
2632.282715
2632.000000
2632.000000
2632.843994
2633.000000
2633.000000
2635.434326
2633.560303
2635.472168
2631.782227
2632.737061
2632.109375
2632.000000
2634.823975
2632.107666
2634.953613
2631.011963
2634.988770
2632.992920
2631.000977
2631.996826
2632.996826
2631.000244
2633.019775
2634.949219
2633.079102
2634.914795
2633.124268
2635.812988
2631.166504
2635.900146
2633.108887
2635.930908
2633.952148
2632.007324
2632.987549
2637.886963
2633.118408
2634.957275
2633.027588
2633.000000
2632.003418
2635.994873
2634.011475
2632.023193
2632.000000
2634.022461
2636.927490
2632.971436
2632.134033
2635.968750
2635.000000
2635.000000
2634.973633
2634.000000
2633.943115
2633.060059
2633.942383
2633.000000
2633.000000
2633.058105
2635.000000
2635.000000
2633.030762
2633.000000
2634.926514
2633.069336
2631.052490
2634.934814
2635.000000
2633.000000
2633.030518
2633.928467
2632.030518
2633.080322
2636.929932
2633.041748
2634.947510
2633.028564
2634.033447
2634.949463
2634.000000
2633.816406
2632.110596
2633.120605
2633.881592
2633.205566
2635.083496
2635.635254
2631.134766
2632.760254
2629.247803
2632.832764
2631.114990
2632.276123
2633.678223
2632.748535
2635.346191
2632.245361
2631.142578
2633.680420
2633.000000
2633.000000
2633.419434
2633.546631
2633.491455
2634.000000
2631.834961
2631.654053
2634.120361
2633.290039
2632.579102
2632.411377
2632.604736
2633.000000
2634.294678
2634.333252
2633.311768
2633.707764
2632.561523
2634.904297
2634.537598
2633.263184
2633.000000
2634.503662
2633.466797
2633.789307
2634.819824
2633.291992
2634.766846
2634.096191
2633.076416
2632.065186
2632.000000
2634.837158
2632.132568
2632.958740
2632.047119
2632.000000
2633.900635
2633.042236
2633.975098
2634.997559
2630.019043
2631.151123
2634.886230
2632.929932
2632.000000
2631.780029
2630.270752
2631.840576
2631.178467
2632.000000
2631.583984
2631.056885
2634.789551
2633.127930
2630.710449
2633.000000
2633.834229
2634.829834
2631.399170
2630.916992
2632.689453
2632.633545
2632.394043
2629.980469
2632.334229
2633.000000
2633.000000
2631.893555
2632.301758
2633.586914
2632.135742
2634.086182
2633.000000
2633.000000
2633.000000
2631.416260
2631.057373
2632.000000
2630.952881
2631.566406
2630.897461
2631.650635
2632.934814
2632.527588
2631.968262
2631.000000
2631.484619
2631.528320
2632.853271
2635.000000
2635.000000
2634.149170
2633.000000
2632.240967
2632.415039
2634.344727
2633.305664
2633.122559
2631.286133
2632.561035
2634.000000
2634.000000
2634.582275
2635.089111
2633.314941
2633.678467
2632.352295
2631.320313
2632.000000
2632.907959
2635.000000
2633.284668
2630.112305
2631.879150
2630.171631
2633.000000
2633.313477
2633.692627
2632.404297
2631.856445
2634.264404
2634.754639
2634.230469
2635.000000
2634.578125
2633.594971
2635.274170
2632.488037
2634.708008
2633.000000
2632.881104
2632.000000
2631.883057
2631.468750
2634.770752
2632.884766
2631.875977
2631.530518
2634.736084
2633.000000
2632.769043
2631.276855
2633.932373
2632.848877
2630.129395
2632.908203
2631.171631
2634.075439
2634.614014
2631.458008
2634.613037
2631.861816
2631.425049
2634.000000
2633.716553
2632.000000
2631.857666
2631.155273
2632.343994
2633.807129
2633.216309
2633.530273
2632.483154
2633.054932
2630.683350
2632.784912
2632.387695
2633.832031
2633.000000
2633.127930
2634.000000
2633.891113
2633.211426
2634.899658
2634.000000
2633.784180
2631.048340
2632.088867
2635.997314
2635.016113
2635.000000
2635.952637
2635.053955
2633.129150
2632.074951
2632.000000
2632.924805
2631.132813
2631.000000
2631.943115
2630.131348
2630.923584
2631.914063
2632.000000
2632.917480
2634.854248
2636.871826
2636.063232
2636.000000
2634.114990
2638.749023
2636.127930
2637.940918
2637.014893
