Record Length: 1024
BoardID: 31
Channel: 15
Event Number: 179
Pattern: 0x0000
Trigger Time Stamp: 665884374
DC offset (DAC): 0x7FFF
Start Index Cell: 713
2619.000000
2619.000000
2623.830322
2624.000000
2624.000000
2623.048340
2622.054932
2624.796631
2624.082520
2624.000000
2624.000000
2623.071045
2623.949951
2621.102539
2622.973145
2625.984131
2622.968018
2621.021729
2622.000000
2622.000000
2621.934082
2621.163086
2623.000000
2623.000000
2623.000000
2623.188721
2625.103516
2625.766357
2624.263184
2625.706543
2624.494873
2626.643066
2624.445313
2621.815430
2621.179932
2621.820557
2621.561768
2623.608398
2622.399658
2624.000000
2623.811523
2622.646973
2621.509766
2623.659668
2622.181396
2623.000000
2623.000000
2623.238281
2623.488770
2622.000000
2622.542236
2623.438232
2622.303711
2622.668945
2622.716064
2624.000000
2623.618896
2623.000000
2622.219482
2621.000000
2621.833496
2622.566895
2622.000000
2622.000000
2622.476563
2622.028076
2621.497559
2622.000000
2622.000000
2621.480225
2620.481689
2620.506104
2620.514648
2622.786133
2625.093018
2623.543701
2622.535645
2622.945557
2623.516113
2623.499268
2623.483154
2623.531250
2623.461182
2624.084473
2623.374756
2621.465820
2621.521729
2622.513428
2620.946289
2621.060303
2623.000000
2622.481445
2621.474609
2622.049316
2623.000000
2622.518555
2622.000000
2621.553955
2620.567139
2621.266846
2623.000000
2621.739746
2620.846680
2622.848389
2622.307617
2621.260986
2623.826172
2623.400146
2621.000000
2622.855469
2625.277588
2622.949951
2621.681641
2623.000000
2621.931885
2620.000000
2619.246826
2619.122559
2621.725586
2622.315674
2621.000000
2621.000000
2621.262451
2622.738525
2624.299072
2622.219727
2623.207764
2623.800293
2623.000000
2623.397949
2624.588623
2623.000000
2622.776123
2622.892334
2625.786377
2624.384277
2622.200195
2622.802734
2622.000000
2622.000000
2622.362549
2623.475830
2621.166992
2621.840576
2621.466797
2623.686279
2622.162354
2622.322754
2619.695068
2623.000000
2622.665771
2621.321777
2623.472412
2625.678711
2623.341064
2620.831299
2624.669434
2623.164795
2623.666504
2621.662598
2620.331055
2621.848633
2621.000000
2621.104736
2621.913330
2621.000000
2621.064453
2622.000000
2621.956299
2621.079590
2622.960205
2622.083984
2623.870117
2621.178467
2624.904541
2623.000000
2623.000000
2623.181152
2625.819824
2623.066406
2624.088623
2625.000000
2624.651611
2623.222168
2624.000000
2624.551758
2625.138916
2622.126221
2620.874756
2623.286133
2623.173828
2621.519531
2622.756592
2621.773438
2621.423584
2623.202393
2624.199951
2623.977783
2620.627441
2623.000000
2623.205811
2624.198242
2624.442383
2622.522705
2624.830078
2624.000000
2623.817627
2622.808105
2622.601807
2624.565918
2622.517578
2621.000000
2621.286133
2622.608398
2622.711182
2620.678955
2621.645264
2620.262695
2618.612549
2620.851807
2623.729980
2621.563965
2623.251221
2624.140137
2622.959229
2622.509277
2621.518799
2622.000000
2622.562500
2623.570801
2623.427979
2624.144775
2625.574463
2625.424316
2623.854492
2622.431641
2622.569824
2623.577148
2623.413330
2623.000000
2621.189209
2620.608643
2622.227295
2623.618652
2623.379395
2623.000000
2623.000000
2622.389648
2622.000000
2623.263428
2622.695068
2622.676758
2623.701904
2624.000000
2624.000000
2623.187988
2623.833740
2621.464844
2621.854492
2623.734131
2622.236328
2623.797363
2624.907959
2624.087646
2624.000000
2621.243408
2621.925049
2619.221191
2622.682617
2622.087891
2622.906982
2621.194580
2622.791992
2621.226563
2623.617676
2621.399658
2623.617676
2621.340576
2621.000000
2621.898682
2622.000000
2623.804932
2623.089111
2621.161621
2624.689209
2623.144531
2623.000000
2624.846436
2621.278076
2622.884521
2622.051514
2622.000000
2622.940918
2621.129395
2621.922852
2618.401367
2618.866699
2620.662842
2621.000000
2622.555908
2623.000000
2622.263916
2622.717773
2623.707031
2621.894775
2622.408447
2623.000000
2625.880615
2622.690918
2622.430664
2624.436035
2625.723633
2620.885010
2622.688232
2621.761719
2621.000000
2623.311768
2623.216553
2619.847168
2619.784912
2621.564941
2622.000000
2622.790283
2623.000000
2620.634521
2622.335449
2623.000000
2623.741455
2623.277832
2624.397217
2623.661865
2624.279541
2624.387695
2624.588623
2624.427246
2623.436523
2623.558838
2624.000000
2624.000000
2624.590576
2625.000000
2622.525879
2621.623047
2621.372314
2622.265625
2620.438232
2620.302002
2621.660400
2622.664307
2621.016113
2620.653809
2622.297363
2623.000000
2623.653320
2624.000000
2623.339844
2623.000000
2623.000000
2624.272217
2625.000000
2625.000000
2624.426514
2622.333252
2622.069580
2621.981934
2621.477295
2622.000000
2620.726807
2619.000000
2621.130859
2622.699219
2621.434326
2621.139404
2620.849121
2622.000000
2622.407471
2623.396973
2623.612305
2623.381104
2623.629883
2623.352783
2624.000000
2623.685059
2623.000000
2622.689697
2621.679199
2621.996338
2624.333252
2624.672852
2624.324951
2624.674561
2623.027832
2622.280273
2624.689697
2623.405518
2622.000000
2620.919678
2619.001221
2622.695557
2624.775146
2624.000000
2623.539307
2622.226074
2622.359375
2620.199463
2621.187256
2622.365234
2623.264404
2620.182373
2621.350342
2622.835938
2622.000000
2622.292480
2624.000000
2623.869385
2623.357422
2626.000000
2625.321045
2620.320068
2623.193359
2624.824463
2623.000000
2623.087158
2624.000000
2624.000000
2624.119873
2625.936035
2624.005859
2623.042236
2625.770020
2625.106689
2623.281494
2621.364258
2624.138428
2624.236328
2623.253418
2624.451416
2622.874023
2623.386963
2622.652100
2622.000000
2622.636719
2623.000000
2624.213623
2622.581787
2621.605469
2622.607422
2624.226074
2624.384521
2623.392334
2621.796387
2622.812744
2623.392334
2623.000000
2624.774902
2624.842529
2623.431641
2622.440918
2622.553955
2623.546387
2624.530273
2623.454590
2622.500977
2623.000000
2623.000000
2622.571777
2623.208496
2623.862793
2622.725342
2624.711914
2625.647705
2623.611084
2622.375977
2625.344238
2624.971191
2623.335938
2623.670410
2623.325684
2623.679443
2623.630615
2624.388428
2623.000000
2623.858154
2625.143066
2622.426758
2621.572266
2623.580078
2624.699951
2623.692383
2623.306152
2624.000000
2623.701172
2622.406982
2621.298340
2622.000000
2621.683838
2620.676758
2620.659912
2622.676758
2624.000000
2622.904053
2622.128662
2623.250244
2622.000000
2623.080078
2624.299316
2623.000000
2623.315918
2624.591797
2626.000000
2625.219238
2623.243164
2624.225586
2625.000000
2624.822754
2624.000000
2623.873047
2623.108154
2623.909180
2622.928467
2622.054688
2623.050049
2623.899170
2622.105713
2623.939697
2622.922607
2622.000000
2622.000000
2622.341797
2623.394531
2621.000000
2621.243652
2622.258545
2623.273926
2624.573730
2625.705811
2623.823730
2621.566895
2623.000000
2623.262695
2623.740479
2623.260010
2623.734863
2622.454590
2621.825928
2624.000000
2624.000000
2623.251465
2621.238037
2622.919189
2626.000000
2625.553223
2623.785156
2623.406982
2624.805908
2623.810303
2623.000000
2623.208740
2624.000000
2624.437012
2624.673584
2620.666748
2622.351563
2620.835693
2624.000000
2624.000000
2624.000000
2624.181152
2624.655762
2622.837646
2622.000000
2621.841309
2621.170166
2622.184814
2623.195801
2623.801758
2623.000000
2623.591064
2625.182129
2622.000000
2622.650635
2624.779541
2624.225098
2625.227539
2625.770508
2624.767090
2623.524658
2622.240967
2622.754883
2621.752197
2621.737061
2623.291748
2621.226318
2622.000000
2621.763428
2621.508789
2623.270264
2624.000000
2622.506592
2620.241699
2623.000000
2623.321533
2622.733643
2620.923340
2623.000000
2623.838867
2626.000000
2625.248291
2623.228516
2623.791992
2623.000000
2623.563965
2625.445801
2623.174561
2624.000000
2624.000000
2623.321289
2619.463135
2622.709717
2620.234131
2623.000000
2623.000000
2622.906250
2621.100586
2623.052979
2624.000000
2623.827881
2621.161133
2622.768066
2621.308838
2623.375977
2624.161133
2621.443604
2622.772705
2622.681152
2624.099121
2621.678467
2624.452393
2625.551758
2623.774902
2623.000000
2622.770752
2621.535156
2620.727783
2623.264404
2623.411621
2622.633789
2623.348389
2621.677002
2621.944824
2624.309326
2624.380615
2622.371094
2622.604248
2624.703369
2622.324219
2623.325928
2624.000000
2624.000000
2623.671875
2622.669434
2622.335449
2622.661133
2623.006836
2625.000000
2624.381348
2623.600830
2624.701904
2623.701416
2623.591309
2624.711426
2624.565186
2625.171143
2623.000000
2623.260010
2623.489746
2622.254150
2623.262451
2623.721924
2623.000000
2622.409668
2621.886230
2623.412842
2623.177246
2624.818359
2623.163574
2625.720947
2624.475586
2622.511230
2621.000000
2621.647949
2624.000000
2624.000000
2624.000000
2624.216064
2624.770020
2624.000000
2623.521973
2622.467285
2623.770508
2623.000000
2623.230469
2623.302246
2621.232178
2622.232422
2622.769043
2622.231445
2622.763184
2622.729736
2624.500488
2623.260010
2622.920898
2621.327881
2624.503906
2622.769043
2622.217773
2623.000000
2623.395752
2625.195557
2625.403809
2623.201904
2623.798584
2623.397705
2625.194824
2625.802246
2624.377930
2622.431152
2623.558594
2622.454834
2624.000000
2623.755859
2622.744873
2622.557129
2623.077637
2621.992432
2624.000000
2623.640625
2623.000000
2623.000000
2623.000000
2622.669189
2622.943604
2625.000000
2623.832031
2622.113770
2624.735107
2623.224365
2621.777832
2623.209473
2621.263672
2622.000000
2622.488525
2624.435303
2625.441650
2623.618896
2626.346924
2622.329590
2624.801270
2623.000000
2623.084229
2624.085449
2625.000000
2625.000000
2624.927490
2624.131836
2625.943848
2624.923584
2623.000000
2623.000000
2623.966797
2623.035889
2624.939697
2620.094727
2625.947510
2626.000000
2622.036865
2622.000000
2623.941650
2620.156738
2622.822998
2622.078857
2621.093994
2622.790527
2623.883789
2624.000000
2623.144775
2624.693115
2622.472656
2622.833740
2623.816650
2622.414307
2622.769775
2623.746582
2624.000000
2623.293701
2623.700684
2624.699951
2623.598633
2623.000000
2622.276855
2622.000000
2624.982666
2623.748047
2623.754395
2622.481445
2622.000000
2620.484619
2620.746094
2621.734863
2621.271729
2620.274902
2619.267334
2620.510986
2625.677490
2622.236328
2622.608887
2622.181396
2622.000000
2622.845703
2624.699219
2624.148193
2622.290283
2624.563965
2623.291504
2621.290771
2621.856201
2624.574951
2623.289795
2623.000000
2623.000000
2620.521240
2623.220947
2620.869385
2622.294189
2621.497803
2623.934082
2622.167480
2622.363037
2622.342529
2622.638672
2623.000000
2623.606445
2622.827148
2621.432617
2622.659180
2622.354980
2622.106934
2623.000000
2621.851807
2622.172119
2623.000000
2622.395752
2623.826416
2623.148438
2621.373535
2622.907471
2624.000000
2624.652344
2623.036133
2622.000000
2622.670166
2621.621582
2621.000000
2621.722168
2624.186523
2622.083252
2621.000000
2621.730713
2622.000000
2623.483154
2624.745850
2625.755371
2623.729736
2620.736328
2622.278564
2623.000000
2623.000000
2623.000000
2622.143799
2624.623047
2625.000000
2624.108643
2624.900146
2621.335693
2621.930908
2622.944092
2624.907227
2625.000000
2624.029785
2624.000000
2622.017822
2623.002197
2625.947510
2622.000000
2621.985352
2620.034424
2623.807617
2621.247314
2621.887695
2622.865479
2623.000000
2623.853760
2619.705078
2624.189453
2620.626709
2624.414307
2623.237793
2620.393066
2622.567871
2623.000000
2622.175781
2623.609863
2623.212402
2623.775146
2622.465088
2624.301514
2621.901855
2626.526611
2625.579102
2625.818604
2625.179688
2625.000000
2621.780273
2624.186768
2621.840576
2624.186279
2622.551025
2621.160645
2621.000000
2622.738037
2624.763916
2623.205566
2622.087646
2622.000000
2624.836914
2624.037109
2622.041748
2624.963867
2624.008545
2624.000000
2621.004150
2622.012207
2624.000000
2624.000000
2624.000000
2624.015137
2625.989990
2623.029541
2623.000000
2623.010498
2623.975586
2623.000000
2623.101563
2624.796631
2621.915771
2621.094727
2622.196045
2623.893799
2623.380615
2625.540771
2622.648682
2620.610107
2619.424316
2621.913086
2624.516113
2623.000000
2623.797607
2625.446289
2623.147217
2621.870361
2624.000000
2624.000000
2622.337158
2620.740234
2622.135986
2622.297363
2625.655029
2625.413818
2625.064453
2622.505371
2622.506592
2623.000000
2623.531494
2624.000000
2623.418945
2624.221924
2622.448486
2622.994873
2621.916992
2622.445801
2624.508301
2622.646729
2622.812988
2623.000000
2623.842773
2623.154053
2623.000000
2622.136475
2620.258057
2619.120605
2621.677246
2622.908691
2622.072266
2624.829834
2618.291016
2621.920654
2621.993896
2621.026367
2622.041260
2622.854248
2620.252197
2624.687744
2619.322266
2624.835449
2622.231201
2626.053955
2626.918457
2624.925049
2623.122070
2625.921631
2624.150635
2627.830078
2623.075439
2626.044189
