Record Length: 1024
BoardID: 31
Channel: 1
Event Number: 179
Pattern: 0x0000
Trigger Time Stamp: 665884374
DC offset (DAC): 0x7FFF
Start Index Cell: 715
2666.000000
2665.987793
2663.998779
2663.014160
2666.842285
2664.186768
2666.771973
2667.000000
2666.104492
2664.261475
2665.680420
2664.366211
2666.406006
2664.618164
2664.789795
2664.211182
2663.208496
2665.379639
2664.405518
2663.197021
2663.806885
2661.572266
2663.443359
2666.471436
2665.323486
2664.151123
2664.000000
2664.000000
2662.219238
2664.755127
2665.000000
2665.000000
2665.000000
2664.003906
2663.003174
2663.000000
2664.962891
2663.052979
2665.881104
2664.103760
2664.942139
2664.053711
2665.929688
2662.049072
2664.976563
2661.021240
2662.034180
2663.000000
2662.911133
2661.242920
2665.895752
2664.111328
2665.939453
2664.861328
2663.316650
2666.823975
2665.000000
2664.824463
2663.161133
2664.927246
2663.880371
2662.080566
2664.015625
2664.990723
2664.029785
2663.049561
2663.936768
2661.240479
2663.688477
2665.742188
2665.153076
2662.523682
2662.803467
2664.570801
2664.232666
2667.012207
2665.020752
2664.743652
2669.477051
2667.233887
2666.000000
2664.447510
2663.214600
2663.000000
2665.435791
2663.519775
2663.000000
2665.562256
2664.285645
2664.000000
2664.000000
2664.828369
2664.189697
2662.418457
2662.774658
2663.000000
2663.000000
2663.743164
2664.732422
2665.713135
2665.309326
2663.662842
2665.581787
2665.133301
2664.597900
2664.427734
2665.103760
2665.454590
2666.109619
2665.276123
2663.403320
2663.618652
2664.000000
2664.000000
2664.676270
2664.312500
2663.308838
2663.000000
2662.305176
2662.696777
2661.614014
2663.062500
2663.319580
2664.344971
2663.656494
2666.368164
2665.969482
2665.000000
2665.000000
2664.344727
2666.606201
2666.039063
2663.671631
2665.027344
2666.000000
2664.571777
2662.527344
2661.244873
2661.000000
2662.583008
2661.373535
2661.837158
2664.591309
2663.233643
2661.220703
2661.000000
2662.766846
2663.000000
2663.000000
2663.000000
2666.538574
2664.355713
2664.000000
2661.369385
2663.599854
2665.712402
2666.000000
2666.000000
2665.162598
2666.661377
2665.361328
2663.396729
2663.000000
2660.693359
2663.026123
2662.506592
2662.736328
2662.281250
2661.302734
2662.361084
2663.000000
2663.000000
2664.248535
2664.393799
2665.178467
2664.854736
2664.000000
2663.453369
2664.076660
2665.000000
2665.550049
2665.437988
2665.000000
2664.417236
2664.588379
2663.810059
2664.210449
2663.763672
2662.372559
2663.263916
2664.636230
2663.072998
2662.000000
2662.648193
2663.000000
2664.302490
2661.748047
2662.601807
2663.353271
2663.640869
2663.359375
2663.645996
2664.000000
2664.000000
2664.000000
2664.000000
2664.727051
2665.728271
2666.000000
2663.078369
2663.462402
2664.732666
2664.261963
2664.747070
2665.000000
2664.233398
2664.000000
2664.789551
2664.208008
2663.209229
2661.425537
2661.784912
2662.000000
2661.233154
2661.761230
2660.462158
2663.151855
2664.000000
2663.158691
2663.000000
2664.741211
2663.242920
2665.651367
2665.105957
2664.091553
2663.083984
2665.765869
2664.145752
2665.869385
2663.175293
2663.944824
2664.000000
2665.895508
2662.179932
2662.954834
2664.884277
2659.460449
2661.712158
2664.676025
2664.115967
2661.353760
2663.655029
2664.000000
2664.000000
2665.732178
2663.404053
2662.129150
2664.643555
2665.000000
2665.000000
2665.892822
2664.219971
2664.876465
2664.145996
2664.000000
2663.187744
2663.792480
2664.000000
2664.769043
2664.237549
2662.488037
2665.009521
2664.488037
2665.506836
2663.767822
2663.000000
2662.280029
2662.701172
2664.365967
2663.653564
2664.997559
2666.000000
2664.033203
2665.665039
2666.312012
2666.000000
2666.715088
2666.287109
2665.299316
2661.615723
2661.291992
2660.773193
2661.754639
2664.676270
2663.337891
2662.013184
2663.485107
2663.067871
2662.889648
2664.000000
2662.739746
2662.265625
2664.422607
2663.758057
2662.401855
2663.000000
2663.812744
2664.583984
2664.859131
2666.446533
2667.000000
2666.525146
2666.485352
2666.506592
2665.496094
2664.482422
2664.533936
2666.099854
2665.303711
2664.000000
2663.409180
2662.406494
2663.791748
2664.392334
2664.620605
2665.000000
2663.096680
2663.283203
2667.242432
2666.387939
2664.347412
2664.000000
2664.000000
2664.000000
2665.870117
2664.575195
2664.170898
2663.861328
2661.888428
2662.082031
2664.580566
2666.513184
2664.013916
2657.173340
2644.316895
2624.862305
2607.266113
2594.065674
2582.844971
2572.067871
2560.105225
2559.973877
2581.291992
2617.796143
2638.658691
2647.415039
2646.000000
2646.919678
2647.508301
2645.425537
2649.526855
2651.000000
2650.806641
2651.050781
2657.545898
2662.000000
2661.962646
2660.990234
2660.013428
2662.888428
2662.055176
2662.932861
2664.852539
2663.168213
2663.891357
2662.290039
2662.000000
2665.191895
2662.892334
2661.236816
2662.525635
2665.325195
2662.818359
2662.000000
2662.000000
2662.842773
2663.848389
2664.852295
2663.291260
2664.703613
2666.685547
2666.166992
2666.826172
2668.649414
2667.342041
2665.326904
2665.842773
2664.301514
2663.142334
2663.858154
2664.849854
2664.166016
2665.640625
2666.000000
2664.371826
2664.000000
2665.652832
2664.328613
2665.682861
2666.000000
2665.137939
2665.871826
2666.000000
2664.251465
2666.613037
2666.136230
2666.000000
2663.465576
2663.000000
2663.842041
2664.000000
2665.736572
2666.880859
2665.223877
2665.000000
2665.000000
2665.000000
2665.000000
2665.000000
2664.121338
2664.863281
2667.548340
2666.331299
2666.000000
2665.187988
2665.000000
2665.000000
2668.209717
2665.832520
2665.000000
2665.000000
2665.746094
2664.510742
2662.498291
2664.291748
2665.000000
2665.000000
2665.000000
2664.164551
2663.167969
2662.178467
2662.812012
2664.621582
2665.000000
2666.633301
2664.556885
2661.562500
2665.079102
2666.823486
2663.649658
2663.000000
2665.550293
2668.519043
2665.744873
2664.225098
2665.455078
2663.955322
2664.942871
2664.730469
2664.639648
2666.301025
2665.032715
2664.000000
2664.637451
2665.000000
2666.242432
2667.000000
2667.000000
2666.391113
2665.390869
2666.222656
2665.770752
2664.377930
2664.635254
2663.700928
2664.331299
2663.629639
2663.701416
2665.412842
2664.595215
2662.602295
2662.703125
2662.285889
2664.196777
2665.000000
2664.232666
2664.783691
2666.586670
2664.619873
2664.787354
2663.439453
2666.086426
2663.183105
2663.526367
2666.319824
2665.425781
2665.799561
2665.189209
2665.823975
2665.162109
2663.300049
2664.716064
2665.000000
2664.127930
2665.751221
2663.360352
2663.881348
2664.000000
2663.120117
2663.000000
2664.725342
2665.859619
2666.855957
2666.153564
2666.000000
2665.170654
2663.343994
2665.496582
2666.000000
2664.314697
2666.550049
2666.151123
2665.154297
2665.000000
2664.179199
2664.800537
2665.000000
2664.228027
2662.465576
2660.468262
2657.708984
2658.527832
2661.307373
2663.540039
2664.000000
2663.257568
2664.443359
2666.409424
2664.911621
2665.381592
2664.635010
2666.022217
2664.990967
2664.669678
2665.000000
2666.346924
2666.322754
2666.000000
2666.000000
2665.291748
2664.278076
2666.920898
2666.533936
2661.566162
2664.486816
2667.501709
2664.275146
2663.727051
2664.699463
2665.000000
2665.000000
2665.642334
2664.732422
2662.107422
2664.171143
2666.000000
2665.359375
2664.360107
2664.000000
2665.285645
2664.718018
2663.355713
2663.000000
2664.328613
2665.000000
2663.657227
2665.690430
2664.973389
2662.642090
2664.696777
2663.333252
2663.973145
2665.645752
2664.104004
2664.231445
2665.599121
2666.000000
2664.873535
2665.621826
2666.479980
2664.488770
2663.000000
2663.920166
2664.561279
2664.423340
2665.000000
2665.843262
2667.424316
2666.712891
2665.874268
2666.100830
2665.464600
2664.567139
2663.000000
2665.509766
2668.000000
2665.418701
2663.000000
2663.000000
2663.523193
2663.489990
2663.000000
2663.490234
2664.000000
2664.000000
2664.000000
2664.000000
2664.000000
2664.486572
2664.019287
2663.000000
2663.491455
2665.468506
2666.028809
2665.479248
2666.000000
2666.000000
2665.561523
2665.839844
2667.000000
2665.364258
2664.613770
2666.214844
2665.000000
2664.624756
2663.270752
2663.061279
2665.000000
2664.337402
2663.320068
2664.608154
2666.284668
2666.190918
2663.483643
2662.000000
2662.735840
2665.508301
2666.451416
2665.000000
2664.697021
2664.630371
2664.690430
2664.010498
2666.311279
2664.022949
2665.658203
2665.668457
2666.038086
2664.916016
2666.701172
2666.000000
2665.380127
2664.000000
2663.687500
2663.313477
2664.631348
2666.000000
2665.051270
2663.974365
2665.668945
2664.323730
2663.704102
2665.742188
2665.438232
2663.818848
2664.564697
2664.000000
2664.499512
2666.053711
2665.383789
2665.615479
2665.381104
2664.547852
2664.436768
2664.000000
2662.817871
2664.996338
2667.000000
2666.380127
2665.353516
2665.000000
2664.304688
2664.000000
2664.733643
2664.255127
2664.743652
2665.000000
2663.540771
2665.910156
2663.314453
2665.757324
2664.691406
2662.430664
2663.584717
2662.390625
2665.297852
2663.466797
2665.575928
2666.000000
2665.147949
2665.843994
2666.000000
2665.180176
2665.000000
2664.186768
2662.352051
2663.687256
2664.868652
2665.890625
2666.000000
2666.941406
2663.143555
2664.968994
2663.009033
2666.000000
2666.003662
2666.996826
2664.009766
2667.987061
2664.000488
2664.010010
2664.974609
2663.960449
2663.085205
2665.041504
2665.887939
2663.066650
2665.066650
2666.963623
2666.034424
2666.976074
2666.000000
2666.000000
2665.022705
2667.928955
2667.021240
2666.013672
2665.004150
2663.999023
2663.000000
2663.000000
2667.941650
2666.010254
2665.000000
2665.000000
2664.971436
2664.100586
2666.968750
2666.000000
2666.000000
2666.000000
2666.000000
2665.943115
2665.239746
2668.827148
2666.047852
2667.000000
2666.912598
2664.000000
2664.000000
2661.046143
2665.866943
2666.000000
2667.930664
2666.052490
2665.016357
2665.000000
2664.000000
2663.969482
2663.143066
2666.969482
2665.979980
2664.982422
2664.020752
2664.947510
2663.057129
2665.234131
2671.646240
2665.000000
2665.000000
2664.889404
2664.482178
2667.763428
2665.794434
2664.417480
2668.562256
2663.000000
2662.880127
2661.123779
2663.000000
2663.229980
2664.447754
2661.643311
2665.561279
2666.474609
2661.000000
2661.856934
2664.639404
2666.000000
2665.610596
2666.258057
2665.733154
2663.491455
2664.522705
2663.917480
2664.102539
2666.120361
2664.719971
2663.579102
2664.588623
2665.000000
2664.373291
2665.294678
2666.666748
2667.000000
2665.584473
2665.719238
2663.095703
2662.731201
2665.947021
2664.025146
2663.000000
2666.832764
2665.632080
2665.000000
2663.291992
2665.650391
2665.096191
2665.923584
2662.260254
2665.761963
2664.108643
2663.044189
2663.000000
2666.811279
2663.208984
2662.049561
2666.789307
2667.975098
2665.007324
2665.000000
2665.037842
2665.829102
2663.070068
2664.090088
2665.109863
2665.593994
2663.000000
2663.000000
2663.392578
2664.375977
2662.422852
2663.579346
2663.308105
2667.289551
2664.484131
2662.721924
2663.170166
2664.798584
2662.611328
2664.000000
2664.000000
2664.000000
2663.673096
2662.665771
2663.715332
2667.709717
2667.156006
2663.616455
2662.597900
2662.000000
2663.370850
2664.512939
2666.038574
2664.864746
2663.583740
2662.885010
2663.110352
2663.952881
2663.000000
2662.474365
2662.530029
2664.065186
2663.417480
2663.031738
2664.500488
2665.000000
2663.113037
2662.853271
2665.910400
2666.114014
2665.425293
2665.193604
2664.379395
2665.353760
2666.000000
2665.083252
2663.292480
2664.000000
2664.000000
2664.279297
2665.000000
2664.708984
2664.000000
2664.000000
2664.000000
2663.676025
2663.320313
2663.374756
2662.605225
2664.585693
2665.428223
2663.721924
2663.280273
2663.707031
2663.614990
2664.686523
2664.307373
2663.808350
2662.427246
2665.471191
2664.245361
2665.000000
2665.221436
2666.210938
2667.198242
2667.092773
2663.325439
2665.291992
2666.870361
2665.524170
2662.115723
2663.116943
2663.882813
2663.114502
2664.000000
2664.000000
2664.132568
2664.867920
2663.745361
2662.230957
2664.276855
2666.661621
2662.201660
2665.913818
2663.862305
2661.400635
2667.773682
2665.000000
2665.114502
2665.871094
2665.138184
2665.716553
2664.849365
2668.866455
2662.423340
2664.857666
2664.000000
2663.827881
2663.385986
2664.783691
2664.000000
2664.724854
2666.291260
2664.000000
2664.215088
2664.806152
2664.335938
2666.000000
2665.744385
2664.000000
2663.782227
2662.317383
2665.301270
2667.734375
2664.856201
2662.854980
2660.111084
2665.005615
2666.967529
2663.140381
2665.858154
2664.108154
2663.064453
2664.849854
2664.080078
2664.000000
2662.132813
2661.059082
2663.829102
2661.197266
2662.847168
2664.828125
2664.086426
2665.834961
2668.781250
2668.063965
2668.000000
2667.062744
2667.000000
2669.849365
2665.213379
2669.852539
2666.059814
