Record Length: 1024
BoardID: 31
Channel: 14
Event Number: 179
Pattern: 0x0000
Trigger Time Stamp: 665884374
DC offset (DAC): 0x7FFF
Start Index Cell: 713
2640.000000
2640.000000
2644.830322
2640.206055
2641.909912
2641.048340
2638.165039
2642.660889
2640.247803
2640.908203
2638.261475
2639.857910
2639.050049
2641.897461
2642.000000
2640.994629
2640.000000
2640.021729
2640.932617
2639.096924
2640.934082
2640.000000
2640.000000
2640.093506
2641.000000
2641.094482
2641.896484
2641.000000
2641.000000
2641.146729
2642.330078
2643.286133
2640.554688
2642.077148
2638.540039
2640.461914
2638.561768
2641.000000
2641.599609
2643.801514
2643.188477
2643.117188
2639.509766
2641.489502
2638.637451
2637.595703
2640.000000
2640.476563
2641.744385
2641.531738
2642.457764
2641.000000
2641.303711
2642.662109
2642.209473
2640.124512
2642.000000
2641.615479
2641.780518
2642.197998
2641.000000
2642.299316
2642.197754
2640.466064
2641.476563
2641.514160
2639.507568
2639.527344
2639.966797
2640.039795
2639.445313
2638.506104
2639.000000
2639.464355
2640.000000
2641.369141
2642.071289
2641.472656
2642.483887
2643.499268
2642.966064
2643.062500
2642.922363
2642.000000
2640.916504
2641.602539
2640.913086
2640.026855
2640.486572
2641.545410
2642.484863
2642.518555
2640.898438
2639.000000
2640.014648
2641.000000
2641.460693
2640.661621
2640.298584
2641.155518
2640.836182
2641.159912
2640.846680
2640.727295
2639.423096
2640.840576
2642.826172
2642.400146
2640.000000
2640.742188
2641.277588
2640.000000
2639.659180
2639.000000
2638.644043
2638.370361
2639.000000
2638.625732
2638.725586
2640.000000
2639.057373
2638.143555
2641.262451
2642.000000
2642.467285
2643.121094
2640.207764
2641.399170
2642.802734
2641.801025
2640.794434
2640.431152
2641.552246
2640.223145
2641.000000
2640.589355
2639.800537
2642.408447
2640.191895
2640.812012
2640.362549
2641.650635
2639.833008
2639.159424
2640.311279
2641.529541
2639.811523
2643.153320
2639.695068
2642.306641
2639.334229
2641.000000
2641.472412
2643.518066
2640.670654
2639.332520
2640.834717
2640.329346
2641.499756
2639.168701
2639.668945
2638.000000
2638.515625
2642.000000
2641.653564
2638.152588
2640.000000
2640.102539
2641.868896
2639.079590
2640.960205
2639.873779
2637.129883
2639.955322
2639.095459
2641.161621
2643.880859
2642.120850
2643.819824
2640.933594
2640.177002
2642.000000
2642.000000
2641.777832
2641.000000
2641.551758
2642.138916
2640.873779
2642.416748
2641.286133
2641.724609
2641.259766
2642.000000
2641.320313
2639.211914
2639.797607
2639.599854
2641.591064
2640.208984
2640.374023
2638.617188
2641.198242
2642.000000
2642.000000
2642.000000
2641.826416
2641.182373
2642.000000
2642.000000
2641.565918
2639.758789
2639.528564
2640.427490
2639.000000
2639.644531
2639.642090
2637.709473
2640.106201
2640.837891
2639.814697
2641.000000
2640.563965
2638.649170
2637.929932
2639.479736
2640.000000
2640.000000
2640.000000
2641.124756
2642.000000
2640.856201
2640.572510
2642.148926
2641.848389
2641.572754
2643.705078
2644.430176
2642.268799
2641.586670
2641.403320
2640.396484
2640.608643
2641.000000
2641.000000
2641.620605
2640.141357
2640.227295
2641.610352
2639.534912
2638.631592
2639.000000
2640.353516
2641.701904
2640.529785
2640.000000
2640.812012
2641.833740
2642.000000
2641.145508
2641.000000
2641.881836
2642.898682
2641.184082
2641.000000
2641.000000
2642.837646
2640.224854
2640.926270
2641.000000
2641.000000
2640.093018
2641.805420
2640.208008
2640.886719
2641.000000
2643.600342
2642.254883
2639.340576
2639.896973
2642.695801
2643.897461
2641.292480
2641.910889
2640.161621
2643.689209
2643.072266
2641.145752
2643.769775
2640.278076
2641.884521
2640.103271
2640.000000
2638.118164
2641.741211
2641.077148
2638.301025
2641.466309
2639.505859
2640.602295
2641.777832
2638.970459
2640.208496
2641.000000
2641.000000
2641.000000
2641.000000
2642.427002
2643.000000
2641.563721
2640.284668
2640.718018
2641.723633
2640.538574
2643.688232
2642.761719
2643.516846
2642.458984
2638.082275
2637.788330
2638.784912
2639.782471
2640.785889
2641.790283
2642.000000
2641.211426
2641.000000
2640.239990
2642.224121
2641.555420
2641.698730
2640.661865
2641.279541
2640.775635
2644.120605
2644.136719
2641.436523
2643.235107
2644.440674
2644.000000
2642.228027
2643.433838
2641.907471
2640.623047
2640.372314
2640.632813
2640.359619
2640.000000
2640.000000
2639.335693
2640.983887
2642.000000
2641.351318
2641.000000
2640.346680
2639.342529
2641.640625
2641.678711
2641.654053
2640.727783
2641.222900
2641.409424
2640.426514
2641.666748
2643.000000
2640.454834
2639.432129
2639.663574
2638.000000
2638.419678
2639.426270
2639.132813
2638.868652
2640.000000
2639.575439
2638.583496
2639.629883
2641.603027
2641.000000
2640.237793
2639.370117
2641.411133
2643.336426
2641.685059
2640.692871
2640.620605
2642.000000
2642.000000
2642.666748
2643.672852
2643.000000
2642.023682
2641.296143
2643.359863
2642.931152
2644.108154
2641.429932
2640.270020
2640.749756
2640.463867
2642.224854
2642.544434
2641.230469
2641.773926
2641.000000
2641.398926
2642.625488
2641.000000
2640.816162
2640.547363
2642.824951
2642.328125
2643.845947
2643.000000
2642.861084
2641.869385
2640.761719
2639.342285
2642.000000
2641.786621
2640.193359
2641.912354
2641.083008
2641.738770
2639.710938
2646.603516
2642.059814
2642.936035
2641.005859
2641.000000
2643.770020
2642.213135
2640.281494
2641.635742
2642.784668
2642.236328
2641.253418
2643.177002
2641.165283
2642.080566
2641.652100
2641.000000
2641.000000
2641.000000
2641.000000
2640.395508
2640.605469
2642.822266
2643.386963
2641.153809
2640.000000
2641.203613
2643.208496
2642.177002
2641.604004
2643.183350
2643.421143
2642.431641
2642.559082
2642.446045
2641.453613
2642.590820
2642.969727
2639.995850
2639.437500
2641.453125
2642.000000
2642.402832
2642.241943
2640.637451
2640.355957
2641.352295
2642.694336
2643.656006
2642.311523
2641.343018
2642.672119
2643.670410
2643.000000
2642.679443
2642.315430
2642.388428
2640.707031
2640.858154
2642.714355
2642.000000
2642.286133
2643.000000
2643.300049
2644.000000
2643.387695
2642.000000
2641.402588
2640.296631
2641.596680
2642.389160
2641.000000
2640.676758
2640.659912
2642.338379
2642.649902
2640.538818
2639.128662
2641.375000
2642.367432
2642.280029
2641.700684
2641.988281
2640.632080
2642.000000
2642.000000
2642.000000
2641.513428
2640.902832
2643.388672
2640.645508
2639.453857
2641.873047
2641.108154
2641.909180
2641.000000
2641.054688
2641.949951
2641.000000
2641.000000
2641.120850
2642.922607
2641.893311
2641.000000
2641.170898
2641.394531
2639.678955
2641.512695
2640.258545
2641.547852
2642.426270
2641.294189
2642.293945
2643.000000
2643.000000
2642.737305
2642.259521
2643.519775
2644.204834
2642.000000
2642.000000
2642.000000
2642.260986
2642.750488
2642.238037
2643.229736
2644.225098
2644.776611
2643.570313
2642.000000
2641.611816
2640.189697
2641.395264
2642.791260
2642.000000
2641.781494
2642.105469
2644.888672
2641.648438
2643.373291
2641.407959
2642.800781
2641.427246
2639.543701
2642.172119
2642.512939
2640.312256
2641.523926
2639.340576
2641.000000
2640.804199
2640.396729
2642.000000
2642.197021
2642.591064
2641.000000
2641.000000
2640.559082
2639.675049
2642.227539
2643.458984
2643.834961
2640.712891
2643.000000
2642.754883
2642.000000
2642.245605
2642.527832
2640.773682
2640.451660
2641.763428
2640.745605
2640.270264
2641.284424
2641.701416
2640.689453
2641.275146
2643.356934
2641.683350
2641.615479
2642.408691
2641.279541
2641.733887
2641.000000
2641.457031
2642.583984
2641.194580
2642.000000
2642.000000
2642.348877
2643.517822
2641.298340
2642.728516
2641.115723
2641.709717
2639.312012
2642.758789
2639.150391
2642.000000
2642.100586
2643.735107
2639.053223
2640.114746
2641.919434
2641.231934
2642.845703
2642.375977
2643.580566
2642.000000
2642.227295
2643.227051
2643.774902
2642.547607
2641.000000
2641.672363
2644.000000
2643.085938
2640.687744
2642.302979
2640.242676
2642.057129
2644.705811
2643.049316
2640.674072
2640.000000
2640.629883
2641.381348
2640.309814
2641.314453
2642.320801
2642.351807
2641.000000
2641.325928
2642.329102
2642.341797
2641.000000
2641.000000
2642.006592
2642.983398
2641.000000
2641.969727
2643.690674
2643.300537
2643.403564
2641.403076
2641.182373
2642.845947
2640.282471
2641.276367
2642.267822
2643.000000
2642.744873
2641.745850
2640.737549
2640.556396
2641.128662
2639.885498
2642.000000
2641.412842
2642.060059
2645.227783
2641.872803
2643.720947
2642.737793
2642.488770
2643.770020
2642.352051
2640.201172
2641.583984
2643.595703
2641.783936
2641.920166
2644.521484
2642.282959
2640.467285
2642.688232
2644.316162
2642.230469
2642.767334
2642.232178
2642.767578
2642.230957
2642.768555
2641.526367
2640.486572
2642.000000
2642.520020
2643.190674
2640.468750
2639.744141
2642.461914
2643.782227
2643.000000
2642.802246
2641.608887
2639.801270
2640.009033
2643.596924
2642.198730
2642.610107
2640.802246
2640.207275
2641.215576
2641.558594
2640.909912
2643.527588
2641.023682
2639.020752
2641.721436
2640.692627
2640.330811
2641.000000
2640.640625
2640.000000
2641.080078
2642.304199
2641.330811
2641.056396
2640.513672
2643.708008
2643.278564
2644.000000
2643.741455
2642.740723
2642.263428
2643.000000
2643.000000
2643.000000
2643.217529
2643.441650
2641.154785
2642.130615
2643.000000
2642.801270
2641.091064
2642.084229
2642.914551
2642.084473
2643.000000
2642.855225
2641.065918
2641.943848
2641.076416
2643.000000
2643.000000
2642.033203
2642.000000
2643.939697
2641.056885
2642.982422
2643.995117
2644.990723
2643.037354
2644.941650
2641.156738
2641.940918
2643.842285
2643.093994
2640.314209
2640.883789
2643.610107
2642.289551
2642.000000
2642.000000
2640.332275
2640.816650
2641.000000
2641.000000
2641.746582
2642.722656
2643.000000
2643.000000
2643.699951
2641.897949
2642.416992
2641.553711
2641.736816
2642.745605
2641.498535
2639.491455
2640.518555
2641.762207
2640.484619
2640.746094
2641.734863
2641.271729
2638.824951
2639.465332
2639.244385
2639.000000
2639.793945
2639.195557
2642.274658
2639.662598
2640.691406
2640.150391
2640.851807
2640.145020
2640.854736
2640.145752
2640.000000
2641.712646
2640.283203
2643.420654
2640.601807
2640.000000
2641.652588
2641.194824
2639.434814
2639.000000
2640.502197
2639.532959
2638.291748
2640.725830
2641.342529
2641.000000
2642.247070
2641.787354
2641.000000
2641.000000
2640.447021
2640.000000
2640.553467
2641.563721
2641.425781
2641.586182
2641.401367
2640.395752
2641.217773
2642.000000
2640.120361
2641.543213
2642.354736
2643.304932
2641.381348
2640.658203
2641.670166
2640.621582
2642.124512
2641.555664
2641.000000
2641.729248
2642.727539
2640.807617
2640.000000
2641.483154
2640.508301
2641.510742
2638.973145
2638.000000
2641.797607
2641.451172
2642.597656
2642.171387
2640.287598
2640.000000
2641.769775
2640.217285
2642.700684
2640.251953
2641.861816
2640.111816
2642.861084
2640.116211
2640.970215
2642.963135
2643.000000
2641.000732
2642.026123
2644.000000
2643.978271
2641.051758
2640.048096
2640.917480
2639.224854
2638.134521
2643.123779
2640.584961
2639.141113
2640.729736
2642.749268
2642.117188
2642.881104
2643.000000
2643.000000
2642.158936
2643.648682
2643.195068
2643.000000
2639.899902
2643.604492
2641.931396
2641.774658
2644.368652
2644.193115
2644.000000
2642.359131
2642.812988
2641.390137
2642.593506
2641.420166
2641.796631
2642.816406
2642.160645
2642.000000
2642.000000
2641.118164
2641.000000
2641.000000
2640.069580
2641.891113
2639.111572
2642.916748
2643.000000
2643.000000
2641.010010
2640.001465
2641.018066
2643.982422
2641.970215
2640.062012
2643.984863
2642.010010
2641.009766
2641.000000
2641.989502
2641.024414
2641.961914
2641.050781
2641.932129
2640.915771
2640.283936
2642.902100
2642.000000
2641.619385
2639.459229
2641.824463
2640.610107
2639.212158
2640.456543
2641.516113
2641.019043
2642.936523
2639.723145
2639.852783
2641.709961
2640.399170
2640.263428
2643.000000
2643.000000
2643.372803
2643.175537
2642.448242
2642.528809
2642.967773
2641.526855
2639.506592
2642.073486
2642.937012
2641.448242
2641.581055
2642.000000
2643.275635
2643.334961
2642.305664
2641.277100
2641.000000
2641.000000
2641.000000
2641.000000
2643.528564
2641.462158
2640.145996
2638.272949
2638.871094
2639.000000
2642.569580
2644.817383
2638.506104
2642.716309
2639.166260
2640.960205
2640.000000
2640.052734
2641.958740
2640.902832
2639.100830
2640.895996
2639.214844
2642.945068
2641.942139
2641.161621
2644.122314
2646.850098
2643.081299
2644.921631
2643.075195
2645.102051
2647.949707
2645.970459
