Record Length: 1024
BoardID: 31
Channel: 7
Event Number: 179
Pattern: 0x0000
Trigger Time Stamp: 665884374
DC offset (DAC): 0x7FFF
Start Index Cell: 715
2639.000000
2638.993896
2638.002441
2639.971924
2640.960449
2641.937744
2641.075928
2639.172607
2640.791260
2641.000000
2640.159668
2636.732178
2638.406006
2639.793945
2641.579590
2640.422119
2640.000000
2639.206787
2639.797363
2638.394043
2638.000000
2641.237061
2640.371094
2640.000000
2640.000000
2640.000000
2640.856689
2642.737549
2639.438477
2639.918457
2639.054443
2639.000000
2640.973145
2639.007568
2639.996826
2640.000000
2640.981445
2638.079346
2639.920654
2640.000000
2641.884521
2642.000000
2641.035156
2638.036621
2641.982422
2639.000000
2638.965820
2638.039063
2639.000000
2639.097168
2641.000000
2640.888672
2639.060547
2640.138672
2642.158203
2643.911865
2642.906738
2641.824463
2640.080566
2640.781982
2638.000000
2638.120850
2640.953125
2638.027588
2638.000000
2638.950439
2639.936768
2640.000000
2640.000000
2640.871094
2640.153076
2638.349121
2638.803467
2639.000000
2639.000000
2638.246826
2637.255127
2638.487305
2639.746094
2640.753174
2639.471436
2638.223633
2638.000000
2639.596436
2640.000000
2640.000000
2639.160156
2637.291992
2638.714355
2640.697998
2639.324219
2638.171631
2638.810303
2640.581543
2639.450439
2639.000000
2639.752197
2638.513672
2638.000000
2638.713135
2639.690674
2638.662842
2638.645508
2641.488770
2641.206055
2638.855469
2639.103760
2638.909180
2638.000000
2638.574707
2638.403320
2638.000000
2639.280762
2639.340332
2640.352539
2637.562500
2637.382568
2635.925049
2637.779541
2637.606445
2638.385986
2639.687500
2639.319580
2639.000000
2638.328369
2638.000000
2639.353760
2640.674561
2640.335449
2640.000000
2639.348389
2639.653564
2640.664063
2638.972656
2639.385986
2640.000000
2639.263672
2637.489746
2637.772217
2639.583008
2639.186768
2640.674561
2639.272461
2637.233643
2637.889648
2638.000000
2638.000000
2639.760010
2637.352295
2639.654297
2638.230713
2639.762695
2638.241211
2638.876953
2639.866699
2640.000000
2638.305908
2640.522217
2641.000000
2638.508057
2639.638672
2639.198486
2639.782715
2638.462158
2638.756592
2639.000000
2639.000000
2638.281250
2640.092041
2637.597412
2640.648193
2641.064697
2639.375732
2639.000000
2640.178467
2640.427246
2638.882568
2638.546631
2639.000000
2638.460449
2639.100098
2642.247803
2641.131836
2639.582764
2640.000000
2638.810059
2638.605225
2639.618164
2639.372559
2638.368164
2638.636230
2637.715332
2638.940186
2640.648193
2641.000000
2638.395264
2637.650391
2636.699219
2639.234131
2639.718018
2639.000000
2639.000000
2640.316406
2640.321289
2638.595459
2640.879150
2641.272949
2638.814941
2638.729492
2639.000000
2640.462402
2638.069824
2638.475830
2639.747070
2640.000000
2638.466797
2637.219727
2637.789551
2639.583984
2638.418457
2638.000000
2638.784912
2636.663574
2638.300537
2639.000000
2640.537842
2638.635986
2640.443604
2638.475830
2638.859131
2639.000000
2639.000000
2639.883789
2642.682129
2639.366211
2639.916016
2638.156006
2638.927002
2639.934814
2639.058350
2639.000000
2638.053955
2641.791016
2640.089844
2638.090332
2638.942139
2637.153564
2637.000000
2637.892090
2638.884033
2637.235840
2641.424805
2639.347412
2639.874023
2639.134033
2640.730713
2641.870850
2640.237549
2639.107666
2639.895020
2640.892822
2639.219971
2640.752686
2636.729492
2639.333008
2638.375488
2638.792480
2639.778564
2639.230957
2639.762451
2636.220215
2638.761963
2639.243896
2638.246582
2638.000000
2638.735352
2641.160156
2639.896240
2639.682861
2638.653564
2639.331787
2638.684326
2639.966797
2639.001221
2640.063965
2637.457520
2638.145508
2639.712891
2640.700684
2640.323242
2638.062012
2638.226807
2638.415039
2638.000000
2638.532471
2636.466797
2636.425049
2637.135742
2635.889648
2637.427002
2639.260254
2640.156250
2639.000000
2639.000000
2639.401855
2640.000000
2638.780762
2638.248047
2640.000000
2641.339844
2641.614990
2640.474854
2639.544189
2639.480469
2641.000000
2639.965088
2637.932373
2638.649658
2639.434570
2639.580811
2639.409180
2638.406494
2636.805420
2637.822998
2637.758545
2637.000000
2636.365479
2636.641602
2638.296875
2636.387939
2638.915039
2639.062256
2639.276367
2641.264160
2642.623291
2641.787598
2641.585449
2639.722656
2640.223145
2640.917969
2640.000000
2640.513184
2640.004639
2640.435059
2640.628906
2640.305420
2640.771240
2639.000000
2638.649414
2638.986328
2639.736816
2637.916992
2639.707275
2639.000000
2639.562988
2640.415039
2639.305176
2639.386963
2638.596680
2640.000000
2640.000000
2640.000000
2640.193359
2640.699707
2639.109131
2639.930176
2638.962646
2637.990234
2637.013428
2638.925537
2637.110107
2641.664063
2639.220947
2639.000000
2639.891357
2638.290039
2638.824463
2637.404053
2637.776855
2638.000000
2638.000000
2639.550293
2640.000000
2637.546631
2639.498047
2640.842773
2641.000000
2641.000000
2641.000000
2640.148193
2638.314453
2638.000000
2638.826172
2641.473877
2640.342041
2640.000000
2640.000000
2640.849121
2637.569092
2640.433105
2639.300293
2639.000000
2639.820313
2638.371094
2640.442383
2641.818359
2641.173584
2639.328613
2638.158691
2638.850830
2641.586182
2640.256592
2642.623535
2639.502930
2639.871094
2640.863770
2638.434082
2638.844727
2640.677246
2640.157959
2637.436035
2640.473389
2641.000000
2639.223877
2640.791992
2640.101318
2639.102295
2641.682617
2639.329834
2641.636230
2642.000000
2639.451660
2639.834229
2640.819336
2641.812012
2642.000000
2638.766602
2640.407227
2640.208252
2638.447510
2638.758057
2639.000000
2639.744629
2639.249268
2641.291748
2641.215088
2641.808594
2640.343506
2637.493408
2636.167969
2638.464355
2639.000000
2638.189209
2639.629639
2638.366699
2639.628662
2640.000000
2639.184082
2639.823486
2641.675049
2636.072510
2640.100586
2641.000000
2640.186279
2640.774902
2638.817383
2638.000000
2639.295410
2639.365234
2638.360352
2640.602051
2641.344238
2639.701660
2639.000000
2639.000000
2637.757568
2640.695313
2640.555664
2639.608887
2639.390869
2640.222656
2640.385498
2638.756104
2639.905518
2639.051514
2639.996826
2640.314941
2640.701416
2639.587158
2639.000000
2639.000000
2638.296875
2638.000000
2639.464600
2638.496582
2638.767334
2639.000000
2639.000000
2639.793457
2642.361816
2639.879150
2639.771729
2638.473145
2641.052490
2640.453369
2639.212891
2641.398926
2637.946533
2638.647949
2638.162109
2639.699951
2639.141846
2639.868164
2640.000000
2640.875732
2638.360352
2640.643799
2639.236572
2640.759521
2639.260254
2640.725342
2641.000000
2641.000000
2639.307129
2640.673584
2637.682129
2639.484131
2639.167725
2639.000000
2641.527832
2640.299805
2640.848877
2641.845703
2641.160156
2639.358398
2638.199463
2639.565918
2637.684082
2637.767334
2638.765869
2638.236328
2638.000000
2638.769043
2639.770020
2640.000000
2640.000000
2640.000000
2639.295166
2640.392334
2638.927734
2639.364990
2639.325928
2640.339355
2641.000000
2639.655518
2639.673340
2642.031494
2640.258545
2641.089355
2640.583740
2640.000000
2639.269775
2641.198975
2640.521973
2638.504395
2640.252686
2640.255127
2638.545898
2637.300537
2639.027100
2640.000000
2638.715088
2639.267578
2639.369141
2639.000000
2639.639160
2639.359375
2639.639893
2640.641357
2640.357178
2640.000000
2641.288574
2641.345459
2641.000000
2640.329834
2638.657227
2640.017822
2641.000000
2641.000000
2639.651611
2639.000000
2640.315430
2639.708252
2639.632080
2639.384277
2639.000000
2643.661621
2643.057129
2638.918701
2640.600342
2640.481445
2638.483887
2639.460205
2639.561279
2639.846680
2640.580566
2640.421631
2640.151611
2641.145264
2642.251221
2639.550293
2640.393555
2641.044678
2639.020020
2641.011963
2641.447266
2639.000000
2640.563965
2640.947754
2641.046631
2640.470215
2639.496338
2639.019531
2639.462402
2639.075195
2637.951660
2639.000000
2639.480225
2639.513428
2640.471191
2641.508057
2640.508545
2639.020996
2638.971191
2639.041748
2639.409912
2640.084961
2639.876953
2641.000000
2640.176758
2639.408936
2640.000000
2639.607422
2639.383057
2640.000000
2639.270752
2639.061279
2641.342285
2641.337402
2639.040039
2638.216064
2640.430908
2639.269775
2639.741699
2639.000000
2639.000000
2639.508301
2641.274170
2641.707275
2641.000000
2640.369629
2638.672607
2639.005371
2641.000000
2639.977051
2638.683594
2640.000000
2640.320557
2641.305420
2641.701172
2640.087646
2638.929688
2640.376221
2639.312500
2639.686523
2639.631348
2640.368896
2639.000000
2639.324707
2639.337646
2638.000000
2638.352051
2639.371094
2639.609619
2639.409424
2640.000000
2640.000000
2640.999023
2641.473145
2641.000000
2639.923096
2639.000000
2639.547852
2640.563232
2640.420166
2640.000000
2640.000000
2641.209961
2641.380127
2639.707031
2638.326904
2640.780762
2640.569092
2642.201172
2641.510254
2641.743652
2641.262207
2639.540771
2641.182617
2641.262939
2639.497070
2639.769531
2640.784668
2639.415283
2639.000000
2639.000000
2639.844482
2640.000000
2640.000000
2639.147949
2639.843994
2639.166748
2639.819824
2640.000000
2640.000000
2640.823975
2639.312744
2641.605713
2637.546875
2638.828369
2641.823975
2637.179443
2638.968994
2639.006104
2641.017090
2643.978516
2638.004395
2641.987061
2640.006348
2641.999756
2640.019775
2641.898193
2638.118408
2641.000000
2640.958496
2640.000000
2640.066650
2641.933350
2640.036377
2640.965576
2640.047852
2642.000000
2642.000000
2641.022705
2640.023682
2640.978760
2642.972412
2640.012451
2640.999023
2640.005127
2641.988525
2641.011719
2638.015381
2641.984863
2640.018066
2640.942871
2639.134033
2642.906494
2640.020752
2640.983643
2640.079102
2642.822754
2639.227783
2642.880127
2640.827148
2638.191650
2641.883545
2639.000000
2639.011963
2639.996582
2641.969238
2637.133057
2637.000000
2639.895996
2637.078613
2639.951172
2640.000000
2639.024902
2640.938965
2639.035645
2640.030518
2640.959717
2639.034912
2641.041748
2642.973633
2642.057129
2643.866211
2640.050537
2641.072754
2641.908203
2640.779053
2639.000000
2639.354980
2641.794434
2640.166992
2641.854004
2639.865234
2637.700439
2633.309570
2638.250732
2640.885010
2639.723877
2638.804199
2642.625732
2640.346191
2638.754639
2640.143066
2638.639404
2639.643555
2640.167969
2641.580566
2640.093262
2638.508545
2640.091064
2640.917480
2638.897461
2638.560303
2639.000000
2639.000000
2641.354248
2640.580566
2640.253174
2640.352783
2641.333496
2640.623535
2640.000000
2640.719238
2640.273926
2638.537598
2638.736816
2639.000000
2639.751953
2640.766602
2639.421387
2638.180176
2640.562012
2640.116455
2637.288574
2639.770752
2640.000000
2638.119141
2640.837158
2638.132568
2639.917480
2638.094482
2641.791016
2641.049561
2639.084229
2640.950195
2640.002441
2639.980957
2639.113281
2641.772217
2638.070068
2639.090088
2639.890137
2639.000000
2639.159424
2639.643066
2637.803711
2636.375977
2635.268311
2639.789551
2639.000000
2639.947266
2641.709961
2638.000000
2638.877686
2639.798584
2638.222656
2640.378906
2639.316650
2639.357666
2637.673096
2638.671387
2641.656982
2640.290283
2639.368896
2638.465576
2637.608643
2640.427246
2639.629150
2638.974365
2640.000000
2639.477539
2639.527832
2640.528809
2639.944824
2638.476563
2638.522217
2639.525635
2638.409668
2638.065186
2639.000000
2639.000000
2639.000000
2639.968994
2639.113037
2639.316650
2640.179443
2638.443115
2639.850830
2641.403076
2640.861572
2639.707520
2640.017090
2638.611084
2640.000000
2639.427490
2638.561035
2640.558594
2641.151367
2639.582275
2641.303711
2641.685059
2641.000000
2640.352295
2639.640869
2640.687256
2640.302734
2641.000000
2639.570557
2637.668457
2640.318848
2636.878662
2639.307617
2640.626709
2640.770020
2638.595703
2640.285400
2641.264404
2641.754639
2640.769531
2640.000000
2640.210938
2641.000000
2640.637207
2639.325439
2640.854004
2639.740723
2638.238037
2640.000000
2639.883057
2638.765625
2637.343750
2640.115234
2641.000000
2641.000000
2640.736084
2639.254639
2640.769043
2638.907715
2638.067627
2639.100830
2640.913818
2639.045898
2640.057129
2641.000000
2640.807129
2639.114502
2639.742188
2638.138184
2638.858398
2638.424805
2640.433105
2637.564209
2640.715576
2639.000000
2638.827881
2638.964844
2642.567627
2640.295410
2638.241699
2639.000000
2639.455566
2641.000000
2640.806152
2640.335938
2641.856201
2640.872070
2639.883545
2639.108887
2639.788574
2638.000000
2638.354248
2641.856201
2640.048340
2640.977783
2640.002686
2640.983887
2637.140381
2641.763672
2639.162109
2639.000000
2638.074951
2639.839600
2640.000000
2639.066406
2639.940918
2639.056885
2638.065674
2640.770752
2640.085938
2640.000000
2640.917480
2641.927002
2640.128174
2642.810547
2643.000000
2639.229736
2643.749023
2643.042725
2642.029541
2638.059814
