Record Length: 1024
BoardID: 31
Channel: 13
Event Number: 179
Pattern: 0x0000
Trigger Time Stamp: 665884374
DC offset (DAC): 0x7FFF
Start Index Cell: 713
2664.000000
2664.000000
2664.966064
2664.041260
2664.955078
2666.903320
2664.165039
2666.796631
2665.165283
2664.091797
2664.000000
2662.142090
2663.900146
2665.931641
2663.040283
2665.984131
2663.016113
2664.043701
2665.865234
2662.096924
2663.868164
2662.163086
2663.909668
2663.093506
2664.092773
2664.811279
2663.517822
2667.766357
2666.131592
2667.146729
2667.834961
2666.643066
2665.184814
2666.000000
2666.179932
2666.820557
2666.187256
2666.608398
2665.399658
2666.206299
2663.565430
2666.000000
2665.150635
2662.020996
2667.000000
2666.602783
2665.000000
2665.238281
2665.488770
2664.265869
2664.457764
2663.281006
2663.089111
2663.648682
2667.567627
2665.374756
2665.618896
2665.000000
2666.170654
2665.593750
2662.833496
2664.866211
2663.747070
2663.330078
2665.046875
2663.514160
2663.994873
2665.000000
2665.000000
2663.960205
2663.000000
2663.506104
2664.970947
2665.071289
2664.453369
2665.912842
2667.000000
2666.527344
2666.000000
2666.000000
2666.000000
2665.468750
2663.922363
2665.168945
2666.458252
2666.000000
2664.956543
2663.486572
2663.513428
2662.969727
2662.515137
2664.037109
2665.525391
2666.524658
2664.463379
2664.407715
2666.078369
2664.107666
2663.000000
2663.422363
2664.000000
2664.000000
2664.423340
2664.151611
2663.000000
2665.101563
2668.000000
2666.400146
2664.767578
2667.113281
2667.194092
2664.000000
2663.659180
2663.000000
2664.068115
2665.629639
2664.246826
2662.251465
2662.450928
2664.657959
2664.314209
2664.714111
2665.050049
2667.261475
2665.000000
2664.560547
2663.415527
2665.399170
2666.013916
2662.596924
2665.411377
2666.784424
2666.223877
2667.223145
2667.359131
2665.000000
2665.200195
2665.802734
2665.000000
2665.000000
2664.637451
2663.000000
2663.000000
2663.478027
2666.155518
2666.686279
2665.162354
2665.661377
2664.347656
2665.653320
2664.000000
2663.839111
2663.314941
2665.000000
2665.494141
2667.667480
2665.504150
2663.164795
2664.000000
2664.337402
2666.000000
2666.151367
2666.742188
2664.895264
2664.000000
2664.076416
2664.871338
2663.153809
2665.868896
2663.119629
2665.840820
2662.210205
2666.870117
2664.044678
2664.952393
2663.946045
2663.059570
2664.120850
2666.000000
2666.000000
2666.000000
2665.749268
2664.522461
2667.000000
2666.230713
2664.827637
2666.138916
2664.291260
2664.416748
2663.858643
2665.449219
2664.259766
2665.000000
2665.453125
2665.517334
2660.809570
2663.800049
2663.408936
2665.000000
2664.791260
2664.411621
2666.000000
2665.256592
2662.522705
2664.830078
2664.346924
2666.000000
2666.191895
2666.598633
2665.434082
2666.517578
2664.735596
2664.286133
2664.391602
2663.322266
2664.000000
2663.290527
2662.737305
2664.000000
2664.407471
2663.729980
2662.436035
2663.450195
2664.929932
2664.081299
2663.490723
2665.000000
2664.456055
2664.000000
2664.000000
2665.715820
2667.000000
2666.425537
2665.424316
2663.854492
2664.705078
2665.430176
2665.577148
2664.826416
2664.596680
2665.603516
2666.000000
2663.545654
2663.237061
2662.758789
2663.239014
2665.227295
2663.559082
2663.848877
2665.000000
2661.737305
2662.706787
2664.701904
2665.000000
2665.000000
2665.000000
2665.000000
2665.844971
2666.000000
2664.265869
2667.527344
2667.101318
2667.907959
2665.262695
2665.912842
2664.162354
2664.000000
2663.073730
2662.079346
2664.736572
2663.186279
2663.000000
2663.000000
2663.000000
2664.745117
2663.266602
2663.872559
2664.000000
2664.896973
2665.000000
2665.897461
2666.000000
2664.178467
2664.000000
2666.766846
2666.072266
2664.145752
2666.769775
2662.347656
2663.884521
2664.000000
2664.000000
2663.059082
2666.741211
2662.385254
2663.799316
2664.000000
2666.494141
2665.397705
2665.000000
2663.485352
2663.000000
2663.717773
2664.707031
2665.701660
2664.591553
2666.140381
2667.720215
2665.127197
2664.715332
2665.000000
2666.447266
2667.000000
2667.000000
2664.761719
2666.275391
2663.917725
2664.567139
2663.423584
2663.784912
2663.217529
2665.357910
2663.628906
2663.790771
2665.576904
2665.221436
2665.000000
2664.258545
2666.166748
2667.000000
2664.992920
2666.559082
2667.387695
2666.411377
2666.572754
2667.000000
2665.882324
2666.678223
2665.717773
2664.590576
2665.000000
2662.525879
2662.246094
2664.255371
2665.632813
2663.438232
2663.302002
2664.000000
2664.000000
2664.661377
2663.692627
2664.297363
2665.000000
2665.653320
2664.685059
2664.660156
2665.660645
2665.345947
2663.091797
2663.834473
2663.818848
2664.146973
2665.000000
2665.534668
2664.981934
2664.477295
2664.554443
2664.848633
2664.741211
2663.852295
2663.699219
2662.434326
2662.569824
2662.000000
2662.000000
2662.814941
2663.603027
2663.775391
2663.856689
2663.850098
2666.647217
2665.336426
2664.000000
2664.307129
2664.379395
2664.603516
2667.335693
2665.333252
2664.654297
2666.974854
2668.349121
2666.351807
2665.000000
2665.000000
2665.297363
2665.429932
2664.000000
2664.250244
2665.463867
2667.000000
2666.089111
2663.230469
2664.000000
2664.213623
2665.199463
2666.000000
2665.817383
2664.816162
2664.182373
2665.000000
2665.164063
2665.691895
2664.584961
2667.444580
2664.391846
2666.880859
2665.771973
2664.113037
2665.106689
2666.000000
2666.000000
2665.916992
2665.000000
2664.911133
2664.158691
2666.119873
2667.936035
2666.005859
2667.915771
2665.229980
2666.786865
2666.140869
2664.364258
2666.353760
2664.708984
2662.507080
2665.628418
2664.874023
2666.773926
2664.630371
2665.620361
2664.453369
2664.237061
2665.000000
2665.604492
2664.788818
2665.822266
2665.773926
2665.000000
2665.000000
2666.805420
2666.187256
2664.392334
2664.000000
2665.774902
2665.263672
2665.704834
2665.322754
2665.662109
2666.453613
2663.878662
2664.060791
2664.998047
2663.520752
2663.906494
2665.000000
2665.000000
2664.620850
2663.274658
2662.711914
2665.057129
2665.958252
2664.000000
2665.032471
2665.971191
2664.672119
2666.000000
2665.674316
2665.641113
2666.053955
2664.917480
2667.585693
2668.141846
2666.000000
2665.713379
2665.858398
2667.130127
2664.399902
2663.000000
2662.693848
2663.210205
2665.701172
2664.110352
2662.000000
2663.221680
2665.367676
2664.000000
2665.319824
2666.984619
2664.299805
2663.730713
2664.247559
2663.749756
2665.734863
2666.280029
2665.350342
2665.662842
2665.947998
2668.000000
2667.443848
2665.479492
2663.756836
2662.774414
2662.407471
2664.000000
2664.151367
2665.253906
2666.891846
2666.000000
2665.928467
2664.890625
2663.149902
2665.899170
2664.105713
2665.939697
2665.077393
2665.893311
2664.861084
2664.683838
2667.596436
2665.321045
2663.974854
2666.741455
2665.452148
2664.573730
2665.705811
2665.000000
2664.716553
2664.541992
2666.262695
2666.221680
2664.260010
2665.530029
2666.727295
2666.275391
2666.185547
2664.782715
2666.002197
2663.476074
2665.000000
2665.000000
2665.000000
2664.785156
2664.610352
2667.194092
2667.051270
2663.988037
2667.582764
2666.000000
2666.000000
2666.000000
2665.333252
2663.216064
2664.000000
2664.204102
2665.000000
2664.236328
2661.906006
2665.655762
2663.675293
2662.156006
2663.158691
2664.000000
2664.369629
2665.804199
2665.396729
2666.610107
2665.197021
2666.000000
2665.149170
2662.650635
2665.440918
2666.324951
2664.000000
2664.688477
2666.533936
2665.237549
2665.759033
2665.245117
2665.752197
2665.245605
2665.527832
2664.226318
2665.451660
2666.053955
2664.017334
2665.648438
2662.000000
2662.298584
2663.620850
2664.681152
2664.000000
2664.633057
2665.384521
2664.886963
2667.000000
2666.467773
2665.000000
2664.771484
2664.208008
2664.805420
2664.187988
2664.445801
2662.697998
2666.000000
2665.552490
2663.542969
2667.115723
2667.516113
2663.312012
2666.819092
2664.000000
2663.906250
2662.200928
2666.000000
2666.000000
2666.057373
2666.919434
2665.884033
2665.000000
2664.812012
2663.580566
2662.887207
2666.454834
2668.000000
2667.549561
2665.773926
2665.226318
2666.000000
2665.774902
2665.685547
2668.000000
2667.302979
2665.000000
2665.000000
2665.294189
2665.049316
2662.674072
2662.968994
2665.629883
2666.381348
2665.000000
2664.685547
2664.320801
2665.324219
2665.675781
2665.977539
2667.341797
2665.341797
2665.312744
2666.677490
2665.342041
2667.661133
2667.335693
2667.676758
2666.690674
2666.300537
2666.403564
2665.000000
2665.000000
2665.000000
2664.717529
2664.828857
2666.464111
2665.260010
2665.489746
2663.745850
2663.787109
2664.609131
2662.742920
2666.114502
2664.886230
2666.119141
2664.882813
2666.704590
2666.291016
2665.883545
2663.524414
2665.244385
2665.770020
2665.000000
2665.201172
2666.000000
2666.000000
2666.432373
2667.770020
2666.282227
2664.717041
2666.299072
2664.000000
2664.228027
2665.230469
2665.534912
2664.464355
2665.767578
2664.538086
2663.231445
2664.000000
2664.243164
2665.249756
2666.000000
2665.460449
2663.734375
2663.744141
2666.230957
2667.000000
2666.381348
2664.395752
2665.413330
2663.397461
2664.596436
2663.201416
2664.000000
2664.194824
2664.802246
2664.000000
2664.431152
2665.558594
2664.227539
2664.763916
2663.755859
2663.765625
2664.885742
2663.537109
2666.669189
2666.000000
2665.281250
2664.000000
2665.080078
2666.652100
2666.000000
2665.370850
2664.000000
2663.708008
2664.392334
2667.735107
2667.000000
2666.740723
2666.527100
2667.472656
2665.741455
2665.000000
2665.217529
2665.813965
2664.845215
2664.261230
2665.890137
2665.000000
2665.091064
2666.084229
2666.914551
2666.084473
2667.077393
2667.855225
2666.065918
2666.775391
2663.038330
2664.041260
2667.934570
2665.099854
2665.000000
2666.939697
2667.000000
2665.017578
2666.990479
2665.018555
2666.962646
2667.000000
2665.078369
2665.000000
2665.000000
2665.000000
2665.000000
2666.767822
2664.389893
2664.000000
2664.846436
2667.527344
2665.498535
2665.816650
2666.792725
2666.230225
2664.506836
2664.722656
2665.706299
2666.700684
2665.599854
2667.102051
2667.291504
2663.384277
2663.473389
2664.745605
2665.000000
2666.508545
2666.240723
2666.762207
2665.484619
2665.000000
2665.734863
2666.728271
2661.925049
2663.663330
2665.000000
2665.779541
2666.000000
2664.391113
2666.456055
2666.165771
2665.154297
2665.000000
2665.000000
2667.564697
2666.290771
2664.291504
2665.709229
2666.000000
2664.283203
2662.289795
2664.548584
2662.478271
2665.305176
2665.194824
2665.000000
2666.529541
2664.746826
2664.733643
2665.708252
2667.363037
2664.712158
2663.638672
2664.623535
2664.393555
2664.586426
2665.000000
2664.447021
2663.451660
2663.553467
2664.563721
2665.000000
2665.000000
2665.598633
2665.395752
2663.782227
2664.851563
2664.120361
2663.000000
2664.935547
2666.000000
2666.000000
2664.683350
2664.670166
2664.310791
2665.416504
2664.555664
2664.728760
2665.729248
2666.000000
2663.807617
2664.475098
2665.000000
2667.237549
2666.489258
2666.756836
2663.981934
2665.278564
2663.676758
2663.000000
2664.657227
2665.856201
2666.000000
2663.345459
2664.782715
2665.000000
2664.083984
2664.000000
2664.000000
2665.907227
2666.961182
2664.089111
2665.963135
2665.009033
2667.000732
2667.973877
2666.000000
2665.985352
2664.034424
2664.951904
2665.917480
2663.337158
2663.865479
2665.708008
2660.877197
2664.294922
2664.135010
2664.874756
2666.765625
2667.881104
2665.393066
2665.000000
2665.000000
2666.648682
2666.195068
2665.212402
2665.000000
2665.767334
2664.465820
2664.774658
2665.789551
2665.193115
2666.637207
2665.359131
2666.625977
2667.804932
2668.000000
2666.420166
2662.813721
2667.714355
2666.481689
2664.286621
2664.869141
2665.881836
2665.102783
2665.912354
2665.069580
2665.000000
2664.037109
2664.000000
2665.975830
2667.982910
2665.015137
2664.001465
2664.012207
2666.000000
2666.000000
2666.000000
2666.000000
2666.000000
2664.019775
2666.983887
2665.989502
2665.000000
2664.961914
2664.203369
2667.661133
2663.000000
2663.189209
2664.902100
2664.212402
2665.619385
2663.612549
2666.648682
2665.194824
2664.939209
2661.913086
2664.758057
2665.019043
2667.468262
2666.000000
2666.000000
2665.419678
2664.000000
2664.631836
2665.667480
2665.000000
2665.372803
2666.412109
2667.448242
2666.114990
2664.483887
2665.494629
2666.000000
2664.963379
2667.188965
2667.792969
2665.418945
2665.610840
2665.362061
2665.000000
2664.305664
2664.722900
2664.245850
2664.000000
2664.812988
2663.330811
2665.528564
2665.154053
2662.437988
2662.863525
2663.000000
2663.879395
2667.569580
2666.182617
2663.216797
2665.829834
2665.041504
2665.000000
2662.006104
2663.052734
2664.958740
2664.000000
2664.151367
2666.895996
2664.838867
2662.219482
2666.173340
2668.892334
2666.918457
2665.000000
2665.122070
2668.000000
2668.037598
2668.864014
2665.151123
2671.088379
