Record Length: 1024
BoardID: 31
Channel: 0
Event Number: 179
Pattern: 0x0000
Trigger Time Stamp: 665884374
DC offset (DAC): 0x7FFF
Start Index Cell: 715
2675.000000
2674.993896
2674.003906
2676.957764
2675.078857
2676.875488
2676.075928
2674.172607
2674.000000
2674.869141
2675.840332
2674.366211
2674.802002
2673.412109
2674.579590
2675.788818
2675.208496
2674.206787
2674.000000
2674.000000
2672.386230
2672.809326
2673.000000
2673.000000
2673.838135
2674.848877
2675.000000
2675.000000
2675.890381
2675.081543
2675.000000
2675.968994
2676.000000
2674.007568
2673.003174
2672.009521
2674.944580
2672.079346
2673.920654
2676.844238
2675.115479
2672.161377
2673.929688
2672.024414
2673.994141
2673.000000
2672.965820
2672.116943
2675.044434
2676.000000
2675.895752
2674.111328
2675.758057
2672.346680
2676.762451
2674.264160
2676.906738
2675.912109
2674.919434
2674.145508
2676.000000
2675.959717
2674.984375
2674.009277
2674.970215
2676.901123
2674.189453
2673.080078
2673.000000
2672.128906
2674.540771
2672.523682
2673.606934
2674.785400
2674.232666
2673.246826
2673.744873
2675.487305
2676.000000
2676.000000
2676.000000
2675.223633
2675.785400
2676.000000
2674.375977
2673.173340
2672.160156
2672.000000
2674.571533
2676.697998
2674.486328
2674.828369
2672.568848
2673.581543
2672.450439
2672.000000
2673.504395
2672.513672
2674.197021
2675.000000
2675.000000
2675.000000
2673.708984
2674.866699
2676.000000
2674.855469
2672.896240
2672.000000
2672.000000
2672.574707
2673.596680
2674.000000
2672.719238
2673.319336
2674.676270
2673.625000
2672.308838
2672.000000
2671.305176
2671.696777
2672.692871
2673.687500
2673.319580
2673.672607
2674.000000
2674.000000
2674.676758
2676.349121
2675.670654
2675.000000
2675.651611
2673.385498
2672.664063
2674.351563
2675.000000
2675.000000
2675.000000
2672.734619
2672.772217
2673.791504
2674.000000
2672.325439
2675.455078
2676.000000
2673.330811
2671.223389
2674.533936
2675.879883
2674.234863
2674.000000
2675.769287
2673.355713
2673.000000
2675.630615
2673.400146
2673.856201
2674.846924
2676.681396
2675.324951
2673.338623
2675.457764
2672.793457
2673.565186
2674.000000
2677.026123
2674.266357
2674.472656
2673.562744
2672.302734
2671.319580
2672.992188
2676.580566
2673.005615
2671.818359
2672.410889
2673.718018
2674.441406
2675.640137
2675.923340
2674.460449
2674.000000
2674.000000
2675.147217
2674.834229
2674.588379
2675.000000
2673.184082
2672.618164
2673.000000
2674.263916
2673.727539
2672.357666
2672.646729
2674.296387
2674.349609
2674.000000
2674.000000
2672.048584
2673.587402
2673.718018
2674.281250
2671.769775
2672.632568
2675.357178
2676.000000
2675.280273
2677.181152
2675.086426
2674.000000
2672.539063
2674.193604
2675.000000
2674.261963
2673.252930
2674.510986
2672.700195
2672.780273
2671.420898
2673.375977
2673.209229
2673.000000
2673.000000
2674.557617
2675.000000
2671.955322
2672.537842
2674.575928
2674.185547
2672.317139
2674.577148
2674.129395
2674.000000
2674.883789
2673.211914
2675.725342
2674.167725
2674.921875
2673.145752
2676.739014
2674.175293
2674.000000
2675.892090
2676.000000
2674.089844
2674.000000
2674.000000
2673.076660
2674.808105
2674.107910
2675.768311
2674.235840
2677.540039
2672.694824
2674.621826
2675.000000
2674.134766
2674.870850
2673.237549
2675.677002
2676.000000
2675.107178
2675.000000
2673.247314
2674.708252
2673.333496
2672.187744
2674.377686
2676.557129
2675.461914
2675.000000
2673.488037
2675.257080
2672.975830
2672.000000
2672.000000
2673.470459
2674.000000
2674.701172
2673.634033
2673.673096
2673.334229
2673.657715
2674.655518
2675.000000
2675.000000
2674.291504
2674.000000
2675.425537
2676.000000
2673.292480
2673.291992
2673.386475
2674.754639
2674.323730
2673.000000
2672.493408
2672.485107
2673.932129
2673.220459
2671.853760
2673.000000
2673.421875
2674.422607
2673.758057
2673.205811
2674.600830
2675.625732
2675.919922
2673.000000
2676.126465
2679.076660
2676.575684
2675.000000
2675.493408
2676.000000
2673.412598
2672.601563
2674.549805
2673.869141
2673.000000
2673.000000
2675.374512
2675.805420
2674.392334
2673.379395
2673.629150
2672.730957
2673.924561
2674.351563
2673.346924
2673.652588
2674.645996
2673.723633
2674.264160
2675.623291
2674.787598
2675.756104
2674.722656
2673.000000
2674.623047
2674.946289
2674.513184
2675.000000
2669.738281
2653.031738
2604.319336
2498.613281
2362.896484
2261.719238
2233.562744
2271.420410
2343.537842
2428.607910
2521.707275
2574.976074
2606.217285
2615.831543
2622.758789
2633.177002
2645.281006
2651.263428
2651.533936
2649.806641
2650.200684
2658.201172
2667.930176
2667.000000
2666.980469
2665.026855
2670.776855
2667.220459
2666.067139
2670.631592
2669.168213
2669.891357
2670.854980
2672.648926
2670.605957
2672.330811
2671.473389
2671.000000
2671.000000
2673.386230
2669.910889
2671.498047
2673.685547
2671.455078
2672.704346
2673.854248
2677.406982
2681.370850
2684.498779
2684.173828
2684.824707
2680.026367
2677.326904
2675.314209
2676.698486
2675.284424
2675.000000
2676.699707
2676.166016
2675.179688
2675.814453
2674.371826
2674.818359
2675.000000
2675.000000
2675.841309
2674.298340
2674.862061
2676.743408
2674.376465
2675.748535
2677.741943
2676.272461
2674.289551
2675.689453
2675.161377
2675.842041
2675.145264
2674.131592
2673.119141
2674.776123
2676.791992
2677.000000
2677.897705
2677.105713
2676.109863
2676.000000
2676.000000
2676.000000
2676.000000
2675.180664
2675.000000
2675.810791
2675.191650
2677.407227
2673.248779
2672.776367
2674.516113
2675.000000
2676.489258
2673.996582
2673.763916
2674.000000
2674.808594
2675.828369
2674.329102
2674.000000
2672.357178
2673.624023
2675.621582
2676.814941
2674.550049
2675.628662
2673.562500
2673.815918
2674.823486
2676.675049
2674.459717
2674.850098
2675.839600
2674.372559
2672.450439
2672.727539
2672.318359
2672.647705
2673.000000
2671.720459
2667.096924
2661.065430
2661.596680
2664.912109
2669.762451
2673.242432
2672.768311
2672.611084
2673.000000
2676.046143
2674.943115
2674.843750
2674.756104
2674.000000
2673.350586
2674.331299
2673.629639
2673.000000
2671.587158
2666.083252
2661.204590
2660.703125
2665.284424
2669.928955
2672.503418
2673.000000
2670.649170
2672.379883
2673.000000
2673.787354
2673.219727
2673.771729
2673.236572
2672.236816
2675.093262
2676.787109
2676.200439
2675.189209
2674.176025
2676.513916
2673.600098
2673.000000
2673.000000
2673.872070
2674.875732
2675.879883
2676.000000
2672.473389
2673.759521
2673.130127
2676.450439
2677.000000
2674.431885
2677.385498
2677.163086
2673.682129
2674.656006
2676.664551
2674.483887
2675.685303
2677.700195
2675.453613
2676.691406
2673.640869
2675.462402
2674.398926
2675.565918
2672.911865
2673.534424
2675.531738
2674.472656
2675.527832
2676.000000
2676.770020
2675.480225
2675.000000
2675.721680
2676.704834
2675.607666
2677.072266
2675.952393
2674.325928
2676.009033
2675.660645
2675.000000
2674.326660
2676.031494
2676.314697
2674.607178
2675.416260
2676.721924
2675.539551
2676.466064
2673.304932
2674.991211
2677.501709
2675.765137
2674.272949
2675.398926
2673.972900
2674.970947
2677.284912
2675.464844
2675.261719
2676.000000
2675.360840
2674.359375
2675.280029
2674.076172
2674.285645
2676.281982
2675.711426
2675.654541
2676.664307
2674.989258
2676.685547
2675.982178
2675.000000
2675.678955
2676.674316
2675.000000
2675.315430
2674.708252
2674.632080
2676.231445
2676.400879
2676.000000
2675.436768
2676.081299
2677.000000
2677.000000
2675.548584
2673.079834
2672.877197
2675.693115
2676.322510
2674.000000
2674.424316
2675.428955
2676.000000
2676.449707
2676.070801
2674.522461
2674.979980
2674.996094
2674.000000
2674.516357
2676.563965
2676.421631
2675.523193
2673.450195
2672.985352
2675.000000
2674.512451
2674.962402
2675.524170
2673.097412
2673.400879
2676.000000
2676.000000
2674.032471
2672.983154
2674.489502
2675.000000
2675.479248
2676.000000
2675.084961
2674.876953
2675.580078
2675.411621
2676.000000
2676.000000
2676.785156
2676.467529
2674.375244
2675.000000
2675.000000
2675.342285
2676.000000
2675.679932
2674.696045
2674.000000
2673.730225
2674.032959
2676.255371
2674.000000
2674.508301
2675.451416
2674.585449
2676.302979
2676.684814
2676.327393
2677.000000
2675.986816
2674.341064
2675.000000
2676.002686
2678.641357
2678.167969
2674.896240
2676.391602
2675.000000
2675.312012
2675.375000
2674.626953
2676.631348
2677.368896
2674.735107
2673.623779
2676.337646
2675.338135
2675.647949
2674.257813
2673.780762
2675.409424
2676.870361
2675.664795
2674.498535
2676.000000
2676.538818
2675.384521
2674.539551
2674.452148
2676.252930
2675.680420
2674.000000
2674.000000
2676.419678
2677.380127
2675.707031
2675.000000
2676.390381
2678.430908
2675.331543
2674.000000
2675.487061
2674.524170
2675.459229
2677.455078
2678.737061
2677.497070
2676.230469
2673.646240
2676.169434
2673.781250
2676.297852
2677.000000
2676.141357
2676.000000
2674.295654
2674.000000
2672.333740
2675.279053
2674.377197
2674.813232
2675.000000
2674.156494
2675.737061
2674.218750
2674.914307
2674.058594
2674.000000
2677.938232
2674.009033
2677.005615
2677.996338
2677.000000
2677.000000
2676.003174
2673.000488
2675.989990
2674.974609
2674.039551
2675.127686
2677.917236
2675.887939
2673.166504
2678.000000
2677.927246
2676.069092
2677.904541
2674.000000
2674.000000
2674.977295
2674.023682
2675.957275
2676.986328
2678.991699
2674.998291
2673.007568
2675.982910
2676.988281
2677.000000
2677.984863
2676.036377
2677.885742
2674.066895
2675.968750
2675.000000
2674.983643
2674.026367
2675.133057
2677.943115
2677.179932
2679.827148
2676.952148
2676.000000
2676.029053
2677.036133
2679.989502
2678.030762
2677.026611
2676.036621
2676.000000
2676.000000
2675.016357
2677.987061
2674.987549
2674.122070
2677.964355
2676.969482
2675.939697
2673.034912
2675.041748
2677.000000
2676.971436
2676.000000
2676.050537
2676.708984
2673.275391
2676.220947
2677.638428
2674.881592
2674.000000
2674.166992
2675.927002
2675.000000
2674.820313
2672.185791
2675.000000
2675.000000
2674.723877
2673.643311
2676.812988
2675.564209
2674.251465
2674.714355
2673.680420
2674.781738
2676.832031
2674.580566
2674.453369
2675.491455
2676.522705
2676.458740
2675.448730
2675.000000
2673.860107
2674.158203
2674.411377
2674.604736
2674.373291
2673.352783
2672.333252
2673.376465
2674.000000
2674.719238
2676.452148
2677.731201
2674.316162
2673.000000
2673.751953
2674.000000
2673.210693
2675.459717
2675.145996
2674.116455
2672.192383
2672.923584
2673.934814
2677.761963
2678.000000
2675.132568
2675.958740
2674.094482
2675.895508
2675.049561
2675.957764
2678.925293
2674.012207
2675.942627
2673.113281
2675.829102
2673.070068
2674.180176
2676.000000
2675.593994
2672.840576
2672.356934
2674.000000
2673.791992
2673.845459
2676.579346
2674.345947
2672.710449
2673.968018
2672.390381
2676.292480
2676.098877
2674.916992
2675.447510
2673.266846
2675.357666
2674.980469
2675.328613
2673.372314
2676.354980
2675.156006
2674.301758
2677.195557
2675.572754
2674.086182
2672.025635
2673.548096
2674.432373
2674.583740
2675.471191
2675.000000
2673.952881
2673.000000
2673.525635
2673.469971
2674.597656
2676.000000
2674.452393
2673.500488
2674.000000
2674.000000
2674.463379
2676.820557
2678.114014
2677.850830
2677.387451
2675.000000
2675.353760
2675.017090
2673.916748
2676.000000
2676.286133
2676.158691
2675.117188
2677.151367
2675.000000
2675.000000
2673.740723
2672.286377
2674.028320
2673.602051
2676.062012
2673.394775
2672.585693
2674.571777
2675.443848
2673.159424
2671.878662
2673.077393
2672.253662
2675.614990
2675.808350
2673.285400
2674.000000
2674.245361
2674.769531
2674.443115
2676.421875
2677.405029
2675.181396
2676.000000
2675.708008
2673.740723
2672.238037
2674.000000
2674.116943
2675.000000
2675.000000
2674.769531
2673.372070
2675.867432
2675.132080
2676.000000
2675.653564
2673.276855
2675.864746
2673.949707
2673.129395
2675.862305
2673.171631
2676.075439
2676.807129
2675.114502
2676.000000
2676.000000
2675.716553
2674.424805
2676.716553
2674.435791
2671.711182
2675.689453
2674.516113
2676.421143
2674.648682
2677.234863
2677.275146
2675.000000
2675.227783
2675.784912
2675.000000
2675.167969
2676.143799
2676.616455
2674.000000
2673.891113
2672.788574
2671.501953
2675.734375
2673.000000
2673.048340
2674.000000
2674.008301
2676.951416
2677.000000
2675.094482
2673.108154
2673.000000
2673.925049
2674.919922
2676.849365
2674.199463
2673.059082
2673.000000
2669.262939
2664.381836
2661.257813
2669.221924
2671.834961
2675.708496
2676.000000
2676.936768
2675.125488
2676.885010
2675.100342
2675.957275
2679.882080
2677.044678
