Record Length: 1024
BoardID: 31
Channel: 8
Event Number: 179
Pattern: 0x0000
Trigger Time Stamp: 665884374
DC offset (DAC): 0x7FFF
Start Index Cell: 713
2562.000000
2562.000000
2564.898193
2563.082520
2563.955078
2564.951660
2564.054932
2564.000000
2563.082520
2563.000000
2561.174316
2562.857910
2562.050049
2562.000000
2562.986572
2563.010498
2564.951904
2562.043701
2563.932617
2562.000000
2561.868164
2560.244385
2563.000000
2562.812988
2561.371094
2564.811279
2562.792969
2561.233643
2563.131592
2564.000000
2564.165039
2564.464600
2562.554688
2564.446289
2562.179932
2562.820557
2562.374512
2563.608398
2562.000000
2562.396729
2563.057617
2559.706299
2563.339844
2564.659668
2562.456055
2560.397217
2561.565430
2561.429688
2564.977539
2562.531738
2564.000000
2563.438232
2561.089111
2561.317383
2565.283936
2564.749756
2565.237549
2563.230713
2562.390137
2563.401123
2564.000000
2563.566895
2563.450684
2564.466064
2563.093994
2562.457764
2563.005127
2563.018311
2564.000000
2564.519775
2563.445313
2562.506104
2562.514648
2562.464355
2563.453369
2564.456299
2564.071289
2562.054443
2562.451660
2564.499268
2565.000000
2563.937500
2563.000000
2564.084473
2565.000000
2565.000000
2562.913086
2562.540283
2562.459717
2562.030273
2562.484863
2563.037109
2563.474609
2563.524658
2562.478027
2561.963135
2563.000000
2560.769531
2559.731445
2561.577637
2561.836182
2563.840088
2564.153320
2563.000000
2562.153809
2562.260986
2563.586914
2563.399902
2564.000000
2564.371094
2563.916504
2562.000000
2562.000000
2561.656982
2561.711914
2562.629639
2562.000000
2561.625732
2561.362793
2561.657959
2561.000000
2561.571777
2562.737549
2561.507568
2560.700928
2562.780273
2562.000000
2562.598877
2564.802734
2563.602051
2561.794434
2561.646729
2563.552246
2562.000000
2562.000000
2562.205322
2563.200195
2563.802734
2562.616211
2561.375977
2562.818604
2561.825195
2560.833008
2560.478027
2562.688721
2561.156738
2562.487061
2564.830566
2564.000000
2563.826660
2563.000000
2563.000000
2563.157471
2563.839355
2563.164795
2563.833740
2563.000000
2563.164795
2564.000000
2563.831299
2562.338135
2559.151367
2560.128906
2560.895264
2560.000000
2560.152588
2562.000000
2562.051270
2562.912598
2561.119629
2563.880615
2560.958008
2560.043213
2561.000000
2561.095459
2563.000000
2563.000000
2563.060303
2564.000000
2563.866943
2562.000000
2562.376221
2564.303467
2561.666260
2563.743652
2563.551758
2564.426025
2563.291260
2563.708496
2563.572266
2564.449219
2562.480469
2561.486816
2563.000000
2563.000000
2563.404785
2564.200195
2561.204346
2562.208984
2562.791260
2561.794189
2561.396729
2562.814209
2562.174316
2563.340088
2564.826416
2563.817627
2563.191895
2564.200684
2565.217041
2565.034912
2561.735596
2560.713867
2560.608398
2561.677734
2561.000000
2559.935547
2559.474854
2561.225342
2560.814697
2561.576660
2561.872070
2561.198975
2559.464844
2560.479736
2562.987549
2562.924316
2562.631836
2563.437500
2562.429199
2562.572021
2563.572510
2564.574463
2565.575684
2563.136230
2562.705078
2564.000000
2563.422852
2561.239746
2563.580078
2562.981934
2560.391357
2561.840820
2562.381348
2563.241211
2562.141357
2560.386475
2563.051270
2563.151123
2563.895020
2563.042480
2561.323242
2563.105469
2562.529785
2563.550781
2562.375977
2562.000000
2562.844971
2563.854492
2563.132813
2564.763672
2564.101318
2563.092041
2563.912354
2563.087158
2561.162354
2561.925049
2562.000000
2561.079346
2561.000000
2563.720703
2562.194580
2563.791992
2560.453369
2560.000000
2562.600342
2563.872559
2562.227051
2563.793945
2564.898682
2561.410645
2561.902588
2562.000000
2563.838379
2563.077637
2565.783203
2563.218750
2562.076660
2562.000000
2565.769287
2561.258057
2560.053223
2560.000000
2561.870605
2562.000000
2562.000000
2562.000000
2563.662842
2563.198730
2562.222168
2561.242676
2561.000000
2563.153564
2563.292969
2560.894775
2562.817139
2562.572998
2564.160400
2563.563721
2563.715332
2564.000000
2562.552734
2562.730713
2565.950684
2562.523193
2563.275391
2565.541016
2563.649414
2561.423584
2562.569580
2562.217529
2562.000000
2562.790283
2563.790771
2564.000000
2565.557129
2561.439697
2561.482666
2562.722168
2563.698730
2565.338135
2566.000000
2564.163330
2563.588623
2563.427246
2562.436523
2564.793945
2566.440674
2563.717773
2563.181396
2564.608398
2563.762939
2563.000000
2561.116943
2562.531250
2562.078857
2562.952881
2561.358643
2561.328613
2561.338623
2562.307373
2561.702637
2559.050049
2562.573486
2564.342529
2564.000000
2563.339355
2563.654053
2562.727783
2562.000000
2562.590576
2563.573486
2563.444336
2564.604248
2563.454834
2561.477295
2563.336426
2563.726807
2560.741211
2560.704834
2563.433594
2562.697021
2561.430176
2562.849121
2563.583496
2562.185059
2561.000000
2562.938477
2565.237793
2564.000000
2563.647217
2562.668213
2562.945068
2564.078369
2561.379395
2560.641357
2562.332031
2563.333252
2563.345703
2562.649902
2564.000000
2564.323975
2565.000000
2564.689697
2564.594482
2565.429932
2564.540039
2564.748535
2561.695557
2564.000000
2563.772217
2562.078369
2560.130859
2563.359375
2561.798096
2564.625488
2563.000000
2562.816162
2562.182373
2563.350342
2564.835938
2564.154053
2565.000000
2564.722168
2563.000000
2562.880859
2562.228027
2563.660645
2561.106689
2561.903320
2561.175537
2562.916992
2562.174072
2563.733398
2561.317139
2564.880127
2563.000000
2563.000000
2562.042236
2560.153320
2564.467041
2565.000000
2562.546387
2565.138428
2562.945313
2564.239502
2564.274414
2562.582764
2564.773926
2564.652100
2563.344971
2563.636719
2564.000000
2563.393066
2563.000000
2561.788818
2563.429688
2563.773926
2562.384521
2564.430664
2564.796387
2565.208496
2563.569336
2561.395996
2562.183350
2561.842529
2560.431641
2561.118164
2564.216309
2564.361084
2563.530273
2563.484863
2562.499023
2562.479248
2562.546875
2562.000000
2562.805664
2563.241943
2562.725342
2563.288086
2562.704590
2563.305664
2563.031982
2564.311523
2563.685791
2565.335938
2565.010986
2563.000000
2563.641113
2565.000000
2565.000000
2565.585693
2565.569824
2563.142334
2564.566650
2561.858398
2563.709961
2563.000000
2563.615234
2563.163330
2559.605225
2561.597412
2562.406982
2561.298340
2562.610840
2564.000000
2563.030029
2561.330078
2562.338379
2563.000000
2561.904053
2560.752441
2562.375000
2563.000000
2563.360107
2564.000000
2564.000000
2563.684082
2562.704102
2563.112549
2565.219238
2563.000000
2563.000000
2563.000000
2563.177246
2563.697510
2562.126953
2563.108154
2563.909180
2563.071533
2563.835938
2561.050049
2562.151123
2564.947266
2564.000000
2564.077393
2565.000000
2564.166504
2559.854736
2564.201904
2564.321045
2562.730957
2564.741455
2564.821777
2565.852783
2563.294189
2563.117920
2562.133545
2565.000000
2564.474609
2562.740479
2562.779785
2564.734863
2563.727295
2562.724609
2562.814453
2565.521729
2566.251465
2563.285889
2562.378906
2566.549805
2565.000000
2564.355713
2562.406982
2564.388184
2565.241211
2562.197510
2563.000000
2563.215332
2564.437012
2565.336670
2563.222168
2563.135498
2560.835693
2564.204102
2564.402588
2561.809082
2561.543701
2564.172119
2564.512939
2562.000000
2562.476074
2564.319092
2561.554443
2564.195801
2564.603271
2563.195068
2564.394043
2566.000000
2565.574463
2563.783203
2563.220459
2563.550049
2562.455078
2563.770508
2562.767090
2562.475342
2563.276855
2561.980225
2564.504639
2563.000000
2562.291748
2560.905029
2563.774170
2562.763428
2562.254395
2563.270264
2563.715576
2563.000000
2562.379150
2561.956299
2563.356934
2562.316650
2563.307861
2563.704346
2563.279541
2564.266113
2564.749512
2563.314453
2561.624268
2563.805420
2563.563965
2566.000000
2566.174561
2566.517822
2564.149170
2564.864258
2563.768311
2562.000000
2562.312012
2565.698730
2561.050049
2562.046875
2562.899414
2561.000000
2561.106201
2563.000000
2563.161133
2564.652344
2562.308838
2564.000000
2564.000000
2564.000000
2563.772705
2563.000000
2563.450439
2564.321533
2563.131104
2566.103271
2563.675049
2565.771484
2564.312256
2562.000000
2562.242676
2563.792969
2565.117432
2563.000000
2562.674072
2562.645996
2563.370117
2562.000000
2562.619385
2564.314453
2564.679199
2564.324219
2564.675781
2564.325928
2565.000000
2564.341797
2563.328125
2564.000000
2563.664551
2564.016602
2564.993164
2563.323242
2564.309326
2564.098633
2563.192871
2565.104492
2563.591309
2564.711426
2564.282471
2564.171143
2562.000000
2562.260010
2563.000000
2562.491455
2561.262451
2562.834473
2563.838135
2561.295166
2562.000000
2562.880859
2564.117188
2562.000000
2563.745605
2567.441650
2565.475586
2564.000000
2563.540283
2562.431885
2563.396240
2561.389404
2563.202148
2564.432373
2565.309814
2563.239258
2563.282959
2561.467285
2563.688232
2565.088135
2562.460938
2563.767334
2563.464355
2564.534912
2563.230957
2563.768555
2563.473633
2564.513428
2563.000000
2563.260010
2563.460449
2562.265625
2562.503906
2561.693115
2563.346436
2561.412598
2563.000000
2562.608887
2561.794922
2565.000000
2564.395508
2562.000000
2562.389893
2564.000000
2564.000000
2563.353027
2560.558594
2560.364746
2564.527588
2563.000000
2563.000000
2564.114258
2565.462891
2562.992432
2564.652832
2564.359375
2564.635254
2564.000000
2563.304199
2562.000000
2562.314453
2563.908203
2564.248047
2561.113770
2564.000000
2564.000000
2564.518555
2565.472900
2564.263672
2564.741455
2564.000000
2564.217529
2564.441650
2562.464111
2565.261230
2566.231201
2560.298096
2562.908936
2562.084229
2563.170898
2564.915527
2563.845459
2562.000000
2562.131836
2564.112305
2565.923584
2564.010254
2564.983643
2565.966797
2564.071777
2564.969727
2564.019043
2563.008789
2564.990479
2565.000000
2564.018555
2564.000000
2564.000000
2562.117920
2560.157715
2565.435303
2565.104736
2564.116211
2564.000000
2560.579102
2561.693115
2562.000000
2565.335205
2563.549805
2563.000000
2563.769775
2565.493164
2564.554443
2564.000000
2564.700684
2562.899902
2564.102051
2564.291504
2565.446289
2564.526611
2564.745605
2561.997314
2562.508545
2563.000000
2563.000000
2562.242432
2562.000000
2563.469971
2562.543457
2561.274902
2562.465332
2561.489014
2564.118164
2561.824219
2561.804443
2562.000000
2561.165771
2562.691406
2562.150391
2563.703613
2563.145020
2563.854736
2564.854248
2564.145508
2562.287354
2563.716797
2564.000000
2563.150391
2561.318848
2561.826172
2562.805176
2562.217285
2563.529541
2564.000000
2563.266357
2563.000000
2561.636963
2562.315186
2563.638672
2562.752930
2563.212646
2563.413574
2563.000000
2562.447021
2562.548340
2564.106934
2562.745361
2563.296631
2563.827881
2561.204102
2561.208740
2563.217773
2562.148438
2561.626465
2563.907471
2561.128906
2564.219482
2563.072021
2562.316650
2562.329834
2561.310791
2564.541016
2562.388916
2561.000000
2560.270752
2562.910645
2563.269287
2561.524902
2563.224854
2564.745850
2562.733887
2560.486572
2563.772705
2563.480957
2562.225586
2561.201172
2561.000000
2564.424561
2562.376953
2562.000000
2562.891357
2562.099854
2559.251953
2561.792725
2559.167969
2560.907227
2562.922607
2563.000000
2563.000000
2563.000000
2561.002930
2564.973877
2563.000000
2563.007324
2563.982666
2561.144287
2563.752686
2564.887695
2565.000000
2563.291992
2561.292480
2561.858887
2562.000000
2562.874756
2562.117188
2562.000000
2562.868896
2562.144043
2562.000000
2563.648682
2563.195068
2563.000000
2564.550049
2566.534912
2563.931396
2563.774658
2564.789551
2564.193115
2564.818604
2564.179688
2564.000000
2564.000000
2564.796631
2561.050537
2564.779541
2564.367432
2564.839355
2563.286621
2563.000000
2562.118164
2559.308594
2561.737061
2563.860840
2564.945557
2561.148682
2564.916748
2564.011963
2563.008545
2563.000000
2563.000000
2566.963623
2561.017578
2562.985107
2562.062012
2565.984863
2564.010010
2564.000000
2562.010742
2564.989502
2563.926514
2560.961914
2560.152588
2562.932129
2562.000000
2562.000000
2562.097900
2563.106201
2563.746338
2562.306152
2564.175537
2564.415283
2561.787842
2561.456543
2563.241943
2564.509521
2565.734131
2564.169434
2562.284180
2563.290039
2563.399170
2562.000000
2562.997803
2563.607666
2561.372803
2563.236572
2565.000000
2565.942383
2564.580566
2562.494629
2564.012939
2564.481689
2562.937012
2561.448242
2562.743164
2562.167236
2564.827148
2565.005127
2564.694336
2562.831055
2562.000000
2563.568848
2564.000000
2560.661621
2566.742676
2563.770508
2560.437988
2560.863525
2561.000000
2561.000000
2561.000000
2565.543457
2562.289063
2562.000000
2559.124756
2563.900879
2563.981689
2561.079102
2563.917480
2562.000000
2561.949463
2561.000000
2561.000000
2561.164551
2564.057861
2565.053955
2565.959229
2565.037598
2565.918701
2564.000000
2564.037598
2565.068115
2566.974854
2565.985352
